#
#"Frequency / GHz"	"VSWR1 [Magnitude]"
#-------------------------------------
1.0000000000000	1.0968605181693
1.0030000209808	1.0974731823802
1.0060000419617	1.0980772052279
1.0089999437332	1.0986655115996
1.0119999647141	1.0992310897893
1.0149999856949	1.0997670538298
1.0180000066757	1.1002666700495
1.0210000276566	1.1007233714468
1.0240000486374	1.1011308432978
1.0269999504089	1.1014830227490
1.0299999713898	1.1017741154570
1.0329999923706	1.1019986781999
1.0360000133514	1.1021515990176
1.0390000343323	1.1022281359312
1.0420000553131	1.1022240121666
1.0449999570847	1.1021353291343
1.0479999780655	1.1019587245961
1.0509999990463	1.1016912642386
1.0540000200272	1.1013306369620
1.0570000410080	1.1008750485986
1.0599999427795	1.1003233794461
1.0629999637604	1.0996751203920
1.0659999847412	1.0989305157526
1.0690000057220	1.0980905568268
1.0720000267029	1.0971570620317
1.0750000476837	1.0961327723466
1.0779999494553	1.0950213517034
1.0809999704361	1.0938275793829
1.0839999914169	1.0925573603177
1.0870000123978	1.0912178500303
1.0900000333786	1.0898175999873
1.0930000543594	1.0883666920566
1.0959999561310	1.0868768420326
1.0989999771118	1.0853615836179
1.1019999980927	1.0838363964685
1.1050000190735	1.0823188434555
1.1080000400543	1.0808287802630
1.1109999418259	1.0793883556145
1.1139999628067	1.0780220829392
1.1169999837875	1.0767567947458
1.1200000047684	1.0756214633389
1.1230000257492	1.0746468739137
1.1260000467300	1.0738651243358
1.1289999485016	1.0733087853797
1.1319999694824	1.0730101249478
1.1349999904633	1.0729998537978
1.1380000114441	1.0733060060529
1.1410000324249	1.0739527561725
1.1440000534058	1.0749594873552
1.1469999551773	1.0763399968222
1.1499999761581	1.0781022204624
1.1529999971390	1.0802483440169
1.1560000181198	1.0827752056528
1.1590000391006	1.0856750512728
1.1619999408722	1.0889364352413
1.1649999618530	1.0925451179164
1.1679999828339	1.0964849530652
1.1710000038147	1.1007386980454
1.1740000247955	1.1052885679708
1.1770000457764	1.1101167369303
1.1799999475479	1.1152057154396
1.1829999685287	1.1205384569588
1.1859999895096	1.1260985954061
1.1890000104904	1.1318704306845
1.1920000314713	1.1378389524160
1.1950000524521	1.1439898130420
1.1979999542236	1.1503092128633
1.2009999752045	1.1567839775525
1.2039999961853	1.1634014017301
1.2070000171661	1.1701491155129
1.2100000381470	1.1770151497005
1.2130000591278	1.1839878045549
1.2159999608994	1.1910555999402
1.2189999818802	1.1982072849251
1.2220000028610	1.2054316249076
1.2250000238419	1.2127176162677
1.2280000448227	1.2200542485412
1.2309999465942	1.2274305789050
1.2339999675751	1.2348356095914
1.2369999885559	1.2422584842548
1.2400000095367	1.2496881963285
1.2430000305176	1.2571138050457
1.2460000514984	1.2645242852879
1.2489999532700	1.2719086358090
1.2519999742508	1.2792558531091
1.2549999952316	1.2865547942475
1.2580000162125	1.2937944468626
1.2610000371933	1.3009636400442
1.2640000581741	1.3080514398455
1.2669999599457	1.3150466532710
1.2699999809265	1.3219384148104
1.2730000019073	1.3287156630502
1.2760000228882	1.3353676178024
1.2790000438690	1.3418835036381
1.2819999456406	1.3482526634278
1.2849999666214	1.3544646752565
1.2879999876022	1.3605091667524
1.2910000085831	1.3663760631089
1.2940000295639	1.3720555030442
1.2970000505447	1.3775380339061
1.2999999523163	1.3828140453808
1.3029999732971	1.3878747900283
1.3059999942780	1.3927115309482
1.3090000152588	1.3973160353692
1.3120000362396	1.4016803828548
1.3150000572205	1.4057971620606
1.3179999589920	1.4096594403488
1.3209999799728	1.4132607725875
1.3240000009537	1.4165950945458
1.3270000219345	1.4196570378402
1.3300000429153	1.4224417714152
1.3329999446869	1.4249449354620
1.3359999656677	1.4271629155094
1.3389999866486	1.4290927065818
1.3420000076294	1.4307317770824
1.3450000286102	1.4320785658998
1.3480000495911	1.4331317242089
1.3509999513626	1.4338911352339
1.3539999723434	1.4343568212200
1.3569999933243	1.4345298813684
1.3600000143051	1.4344119785850
1.3630000352859	1.4340053693829
1.3660000562668	1.4333132151573
1.3689999580383	1.4323392668147
1.3719999790192	1.4310878709845
1.3750000000000	1.4295641621707
1.3780000209808	1.4277740657522
1.3810000419617	1.4257238022186
1.3839999437332	1.4234206974951
1.3869999647141	1.4208722549701
1.3899999856949	1.4180870161531
1.3930000066757	1.4150737666444
1.3960000276566	1.4118422059489
1.3990000486374	1.4084022785955
1.4019999504089	1.4047647741982
1.4049999713898	1.4009407806647
1.4079999923706	1.3969420022626
1.4110000133514	1.3927805486233
1.4140000343323	1.3884690399848
1.4170000553131	1.3840206101526
1.4199999570847	1.3794486419030
1.4229999780655	1.3747670074754
1.4259999990463	1.3699898723662
1.4290000200272	1.3651319417804
1.4320000410080	1.3602079729039
1.4349999427795	1.3552331307817
1.4379999637604	1.3502228850809
1.4409999847412	1.3451928913242
1.4440000057220	1.3401590723200
1.4470000267029	1.3351373328185
1.4500000476837	1.3301439795271
1.4529999494553	1.3251951960336
1.4559999704361	1.3203072945932
1.4589999914169	1.3154966556805
1.4620000123978	1.3107794065836
1.4650000333786	1.3061718078406
1.4680000543594	1.3016897410027
1.4709999561310	1.2973489452574
1.4739999771118	1.2931647968636
1.4769999980927	1.2891521092472
1.4800000190735	1.2853253341107
1.4830000400543	1.2816982243351
1.4859999418259	1.2782837643926
1.4889999628067	1.2750939688801
1.4919999837875	1.2721401193574
1.4950000047684	1.2694321238287
1.4980000257492	1.2669788708136
1.5010000467300	1.2647877916028
1.5039999485016	1.2628649574347
1.5069999694824	1.2612148993307
1.5099999904633	1.2598404827620
1.5130000114441	1.2587431152888
1.5160000324249	1.2579223085675
1.5190000534058	1.2573761586994
1.5219999551773	1.2571009213940
1.5249999761581	1.2570913033666
1.5279999971390	1.2573404538054
1.5310000181198	1.2578401400669
1.5340000391006	1.2585806645141
1.5369999408722	1.2595511607870
1.5399999618530	1.2607396796615
1.5429999828339	1.2621333110598
1.5460000038147	1.2637182953015
1.5490000247955	1.2654802349147
1.5520000457764	1.2674041692115
1.5549999475479	1.2694747972606
1.5579999685287	1.2716764920545
1.5609999895096	1.2739935173629
1.5640000104904	1.2764101013102
1.5670000314713	1.2789105276598
1.5700000524521	1.2814792874643
1.5729999542236	1.2841009636622
1.5759999752045	1.2867605908126
1.5789999961853	1.2894434851531
1.5820000171661	1.2921353814793
1.5850000381470	1.2948225742518
1.5880000591278	1.2974915904401
1.5909999608994	1.3001298749216
1.5939999818802	1.3027250722134
1.5970000028610	1.3052655360000
1.6000000238419	1.3077402504847
1.6030000448227	1.3101386900461
1.6059999465942	1.3124510266514
1.6089999675751	1.3146679289786
1.6119999885559	1.3167809570639
1.6150000095367	1.3187819392653
1.6180000305176	1.3206634422235
1.6210000514984	1.3224189012158
1.6239999532700	1.3240419647367
1.6269999742508	1.3255271624895
1.6299999952316	1.3268695664680
1.6330000162125	1.3280648409121
1.6360000371933	1.3291091710351
1.6390000581741	1.3299995191158
1.6419999599457	1.3307331959962
1.6449999809265	1.3313082434027
1.6480000019073	1.3317231314207
1.6510000228882	1.3319769198002
1.6540000438690	1.3320692624225
1.6569999456406	1.3320002123020
1.6599999666214	1.3317702799987
1.6629999876022	1.3313806007176
1.6660000085831	1.3308326988162
1.6690000295639	1.3301285696346
1.6720000505447	1.3292705245429
1.6749999523163	1.3282613814043
1.6779999732971	1.3271042361746
1.6809999942780	1.3258027120605
1.6840000152588	1.3243606260211
1.6870000362396	1.3227821366335
1.6900000572205	1.3210717454971
1.6929999589920	1.3192342603665
1.6959999799728	1.3172745721758
1.6990000009537	1.3151979694841
1.7020000219345	1.3130099056324
1.7050000429153	1.3107159283702
1.7079999446869	1.3083218535282
1.7109999656677	1.3058335366367
1.7139999866486	1.3032570336178
1.7170000076294	1.3005983823514
1.7200000286102	1.2978637855977
1.7230000495911	1.2950594706854
1.7259999513626	1.2921916222447
1.7289999723434	1.2892663957903
1.7319999933243	1.2862900955537
1.7350000143051	1.2832687813263
1.7380000352859	1.2802085349849
1.7410000562668	1.2771153917973
1.7439999580383	1.2739951256098
1.7469999790192	1.2708535735724
1.7500000000000	1.2676962677378
1.7530000209808	1.2645286454208
1.7560000419617	1.2613559612371
1.7589999437332	1.2581832003952
1.7619999647141	1.2550152615366
1.7649999856949	1.2518566735392
1.7680000066757	1.2487116702853
1.7710000276566	1.2455844888613
1.7740000486374	1.2424787637461
1.7769999504089	1.2393980723699
1.7799999713898	1.2363456248589
1.7829999923706	1.2333242609546
1.7860000133514	1.2303365886410
1.7890000343323	1.2273848826067
1.7920000553131	1.2244710167582
1.7949999570847	1.2215965643835
1.7979999780655	1.2187629258595
1.8009999990463	1.2159708905367
1.8040000200272	1.2132211569075
1.8070000410080	1.2105139838132
1.8099999427795	1.2078493609328
1.8129999637604	1.2052269603212
1.8159999847412	1.2026461122423
1.8190000057220	1.2001059354877
1.8220000267029	1.1976052163675
1.8250000476837	1.1951424387695
1.8279999494553	1.1927160081036
1.8309999704361	1.1903239368859
1.8339999914169	1.1879641342536
1.8370000123978	1.1856342511971
1.8400000333786	1.1833318335580
1.8430000543594	1.1810542480088
1.8459999561310	1.1787987557632
1.8489999771118	1.1765625065432
1.8519999980927	1.1743425808629
1.8550000190735	1.1721360384937
1.8580000400543	1.1699398766132
1.8609999418259	1.1677510400197
1.8639999628067	1.1655665559442
1.8669999837875	1.1633834631578
1.8700000047684	1.1611988604397
1.8730000257492	1.1590098739327
1.8760000467300	1.1568137550351
1.8789999485016	1.1546078625669
1.8819999694824	1.1523896651932
1.8849999904633	1.1501567573201
1.8880000114441	1.1479068666831
1.8910000324249	1.1456379430276
1.8940000534058	1.1433479783427
1.8969999551773	1.1410352844899
1.8999999761581	1.1386982451906
1.9029999971390	1.1363354756193
1.9060000181198	1.1339458032905
1.9090000391006	1.1315281638189
1.9119999408722	1.1290818108949
1.9149999618530	1.1266061154157
1.9179999828339	1.1241006649834
1.9210000038147	1.1215652625224
1.9240000247955	1.1189998596039
1.9270000457764	1.1164046660174
1.9299999475479	1.1137800718579
1.9329999685287	1.1111266091508
1.9359999895096	1.1084450559230
1.9390000104904	1.1057363186390
1.9420000314713	1.1030015626039
1.9450000524521	1.1002420336580
1.9479999542236	1.0974592357186
1.9509999752045	1.0946547807019
1.9539999961853	1.0918305064054
1.9570000171661	1.0889883714587
1.9600000381470	1.0861305417170
1.9630000591278	1.0832593073663
1.9659999608994	1.0803772205523
1.9689999818802	1.0774869114302
1.9720000028610	1.0745912859689
1.9750000238419	1.0716934241441
1.9780000448227	1.0687966253707
1.9809999465942	1.0659044880771
1.9839999675751	1.0630208438497
1.9869999885559	1.0601499182795
1.9900000095367	1.0572963182365
1.9930000305176	1.0544651221564
1.9960000514984	1.0516619969980
1.9989999532700	1.0488933404175
2.0020000934601	1.0461664230427
2.0050001144409	1.0434896466570
2.0079998970032	1.0408727986364
2.0109999179840	1.0383274202601
2.0139999389648	1.0358672715207
2.0169999599457	1.0335088299512
2.0199999809265	1.0312719665137
2.0230000019073	1.0291805210558
2.0260000228882	1.0272628518133
2.0290000438690	1.0255519628586
2.0320000648499	1.0240848169661
2.0350000858307	1.0229002376280
2.0380001068115	1.0220350339869
2.0409998893738	1.0215184595913
2.0439999103546	1.0213662509346
2.0469999313354	1.0215765798786
2.0499999523163	1.0221297590737
2.0529999732971	1.0229920251001
2.0559999942780	1.0241215684021
2.0590000152588	1.0254745454655
2.0620000362396	1.0270094446072
2.0650000572205	1.0286894585154
2.0680000782013	1.0304833507201
2.0710000991821	1.0323652659819
2.0739998817444	1.0343141536194
2.0769999027252	1.0363130234725
2.0799999237061	1.0383482055889
2.0829999446869	1.0404087005116
2.0859999656677	1.0424856941781
2.0889999866486	1.0445721096638
2.0920000076294	1.0466622535723
2.0950000286102	1.0487515995172
2.0980000495911	1.0508365424048
2.1010000705719	1.0529142535998
2.1040000915527	1.0549825511048
2.1070001125336	1.0570397869765
2.1099998950958	1.0590847889152
2.1129999160767	1.0611167729132
2.1159999370575	1.0631352949126
2.1189999580383	1.0651402243417
2.1219999790192	1.0671316560639
2.1250000000000	1.0691099597490
2.1280000209808	1.0710756505318
2.1310000419617	1.0730294709682
2.1340000629425	1.0749722417230
2.1370000839233	1.0769050129983
2.1400001049042	1.0788288503561
2.1429998874664	1.0807449634580
2.1459999084473	1.0826546298689
2.1489999294281	1.0845591908055
2.1519999504089	1.0864600179160
2.1549999713898	1.0883585265999
2.1579999923706	1.0902561470333
2.1610000133514	1.0921543165905
2.1640000343323	1.0940544479633
2.1670000553131	1.0959579342729
2.1700000762939	1.0978661730742
2.1730000972748	1.0997804554516
2.1760001182556	1.1017020821119
2.1789999008179	1.1036322477165
2.1819999217987	1.1055720772372
2.1849999427795	1.1075226229170
2.1879999637604	1.1094848735088
2.1909999847412	1.1114597129186
2.1940000057220	1.1134478802881
2.1970000267029	1.1154500689257
2.2000000476837	1.1174668330375
2.2030000686646	1.1194986698257
2.2060000896454	1.1215458909526
2.2090001106262	1.1236087615025
2.2119998931885	1.1256873759533
2.2149999141693	1.1277817841415
2.2179999351501	1.1298918771400
2.2209999561310	1.1320174436903
2.2239999771118	1.1341582303860
2.2269999980927	1.1363137922940
2.2300000190735	1.1384836662428
2.2330000400543	1.1406672718968
2.2360000610352	1.1428639086878
2.2390000820160	1.1450728059141
2.2420001029968	1.1472932252823
2.2449998855591	1.1495242163793
2.2479999065399	1.1517648460687
2.2509999275208	1.1540141268756
2.2539999485016	1.1562709721591
2.2569999694824	1.1585343066190
2.2599999904633	1.1608030307655
2.2630000114441	1.1630759500045
2.2660000324249	1.1653519303797
2.2690000534058	1.1676297542194
2.2720000743866	1.1699082658672
2.2750000953674	1.1721862544371
2.2780001163483	1.1744625730690
2.2809998989105	1.1767359762209
2.2839999198914	1.1790053690131
2.2869999408722	1.1812696142126
2.2899999618530	1.1835276378310
2.2929999828339	1.1857783079582
2.2960000038147	1.1880206864949
2.2990000247955	1.1902537000609
2.3020000457764	1.1924764858543
2.3050000667572	1.1946880921278
2.3080000877380	1.1968877432395
2.3110001087189	1.1990746531006
2.3139998912811	1.2012480723074
2.3169999122620	1.2034073637003
2.3199999332428	1.2055519129561
2.3229999542236	1.2076812151085
2.3259999752045	1.2097947493369
2.3289999961853	1.2118921603595
2.3320000171661	1.2139730679646
2.3350000381470	1.2160371805940
2.3380000591278	1.2180843343444
2.3410000801086	1.2201142725474
2.3440001010895	1.2221269530157
2.3469998836517	1.2241222806821
2.3499999046326	1.2261003008283
2.3529999256134	1.2280610042075
2.3559999465942	1.2300045400361
2.3589999675751	1.2319310107222
2.3619999885559	1.2338405496121
2.3650000095367	1.2357334782689
2.3680000305176	1.2376098951642
2.3710000514984	1.2394701221279
2.3740000724792	1.2413144628519
2.3770000934601	1.2431431614920
2.3800001144409	1.2449565439801
2.3829998970032	1.2467548596166
2.3859999179840	1.2485384876636
2.3889999389648	1.2503076327306
2.3919999599457	1.2520626036055
2.3949999809265	1.2538037154332
2.3980000019073	1.2555311207744
2.4010000228882	1.2572450616868
2.4040000438690	1.2589457049496
2.4070000648499	1.2606331912327
2.4100000858307	1.2623076206802
2.4130001068115	1.2639689905004
2.4159998893738	1.2656173142444
2.4189999103546	1.2672525196082
2.4219999313354	1.2688744992645
2.4249999523163	1.2704830282738
2.4279999732971	1.2720778651100
2.4309999942780	1.2736586701236
2.4340000152588	1.2752250874207
2.4370000362396	1.2767766426515
2.4400000572205	1.2783127909522
2.4430000782013	1.2798329381060
2.4460000991821	1.2813364204769
2.4489998817444	1.2828224408107
2.4519999027252	1.2842902522456
2.4549999237061	1.2857388923187
2.4579999446869	1.2871674230758
2.4609999656677	1.2885748183340
2.4639999866486	1.2899600445569
2.4670000076294	1.2913219005767
2.4700000286102	1.2926592193056
2.4730000495911	1.2939706913042
2.4760000705719	1.2952550410582
2.4790000915527	1.2965109553275
2.4820001125336	1.2977369720781
2.4849998950958	1.2989318055747
2.4879999160767	1.3000938270927
2.4909999370575	1.3012216561339
2.4939999580383	1.3023137816121
2.4969999790192	1.3033687656692
2.5000000000000	1.3043850127284
2.5030000209808	1.3053610147978
2.5060000419617	1.3062953592245
2.5090000629425	1.3071864202659
2.5120000839233	1.3080328441846
2.5150001049042	1.3088331621159
2.5179998874664	1.3095858462299
2.5209999084473	1.3102896719707
2.5239999294281	1.3109432276197
2.5269999504089	1.3115452855328
2.5299999713898	1.3120945051016
2.5329999923706	1.3125898499060
2.5360000133514	1.3130301443084
2.5390000343323	1.3134143527046
2.5420000553131	1.3137414992479
2.5450000762939	1.3140108177368
2.5480000972748	1.3142213816981
2.5510001182556	1.3143726226643
2.5539999008179	1.3144638541370
2.5569999217987	1.3144945084906
2.5599999427795	1.3144642532256
2.5629999637604	1.3143727732605
2.5659999847412	1.3142198317763
2.5690000057220	1.3140053235699
2.5720000267029	1.3137292999787
2.5750000476837	1.3133917653792
2.5780000686646	1.3129929548732
2.5810000896454	1.3125332430650
2.5840001106262	1.3120130314896
2.5869998931885	1.3114328961018
2.5899999141693	1.3107933448733
2.5929999351501	1.3100953316654
2.5959999561310	1.3093395301671
2.5989999771118	1.3085269327849
2.6019999980927	1.3076585916343
2.6050000190735	1.3067356362676
2.6080000400543	1.3057593400505
2.6110000610352	1.3047309422998
2.6140000820160	1.3036518410487
2.6170001029968	1.3025235637431
2.6199998855591	1.3013476183375
2.6229999065399	1.3001256219776
2.6259999275208	1.2988592220039
2.6289999485016	1.2975502340299
2.6319999694824	1.2962003504515
2.6349999904633	1.2948113939712
2.6380000114441	1.2933853584899
2.6410000324249	1.2919240213605
2.6440000534058	1.2904293589729
2.6470000743866	1.2889033167133
2.6500000953674	1.2873478379325
2.6530001163483	1.2857649064058
2.6559998989105	1.2841564653477
2.6589999198914	1.2825245424714
2.6619999408722	1.2808709912597
2.6649999618530	1.2791977723752
2.6679999828339	1.2775068261851
2.6710000038147	1.2757999748635
2.6740000247955	1.2740790970033
2.6770000457764	1.2723459210353
2.6800000667572	1.2706022122234
2.6830000877380	1.2688496717575
2.6860001087189	1.2670899152329
2.6889998912811	1.2653244022247
2.6919999122620	1.2635547555484
2.6949999332428	1.2617823184248
2.6979999542236	1.2600084198178
2.7009999752045	1.2582343218233
2.7039999961853	1.2564612098854
2.7070000171661	1.2546900825535
2.7100000381470	1.2529220413919
2.7130000591278	1.2511579128077
2.7160000801086	1.2493985431798
2.7190001010895	1.2476446012506
2.7219998836517	1.2458967942950
2.7249999046326	1.2441555682828
2.7279999256134	1.2424214139277
2.7309999465942	1.2406947002865
2.7339999675751	1.2389756655862
2.7369999885559	1.2372644960385
2.7400000095367	1.2355612842708
2.7430000305176	1.2338660666712
2.7460000514984	1.2321788224911
2.7490000724792	1.2304993846342
2.7520000934601	1.2288275907880
2.7550001144409	1.2271631766450
2.7579998970032	1.2255058556703
2.7609999179840	1.2238553003445
2.7639999389648	1.2222110355218
2.7669999599457	1.2205726932825
2.7699999809265	1.2189397435794
2.7730000019073	1.2173117670397
2.7760000228882	1.2156881953985
2.7790000438690	1.2140684967933
2.7820000648499	1.2124521944266
2.7850000858307	1.2108387029463
2.7880001068115	1.2092275173782
2.7909998893738	1.2076181281184
2.7939999103546	1.2060099845346
2.7969999313354	1.2044026772136
2.7999999523163	1.2027957104513
2.8029999732971	1.2011886823627
2.8059999942780	1.1995812306643
2.8090000152588	1.1979730199608
2.8120000362396	1.1963637254422
2.8150000572205	1.1947531689765
2.8180000782013	1.1931411950044
2.8210000991821	1.1915275915561
2.8239998817444	1.1899124309897
2.8269999027252	1.1882956320087
2.8299999237061	1.1866773070698
2.8329999446869	1.1850575977250
2.8359999656677	1.1834367042171
2.8389999866486	1.1818149298599
2.8420000076294	1.1801926431512
2.8450000286102	1.1785702248307
2.8480000495911	1.1769482098036
2.8510000705719	1.1753271183314
2.8540000915527	1.1737075805946
2.8570001125336	1.1720903233893
2.8599998950958	1.1704760368310
2.8629999160767	1.1688655497384
2.8659999370575	1.1672597937598
2.8689999580383	1.1656595614479
2.8719999790192	1.1640658922879
2.8750000000000	1.1624797411289
2.8780000209808	1.1609022123456
2.8810000419617	1.1593342879996
2.8840000629425	1.1577771299924
2.8870000839233	1.1562318315102
2.8900001049042	1.1546994821636
2.8929998874664	1.1531813140401
2.8959999084473	1.1516783715739
2.8989999294281	1.1501918371782
2.9019999504089	1.1487228132204
2.9049999713898	1.1472724422714
2.9079999923706	1.1458417513996
2.9110000133514	1.1444317762851
2.9140000343323	1.1430435590786
2.9170000553131	1.1416780322756
2.9200000762939	1.1403361156389
2.9230000972748	1.1390186180396
2.9260001182556	1.1377263401313
2.9289999008179	1.1364599714845
2.9319999217987	1.1352201620221
2.9349999427795	1.1340074157912
2.9379999637604	1.1328222482868
2.9409999847412	1.1316649898319
2.9440000057220	1.1305359189584
2.9470000267029	1.1294352378448
2.9500000476837	1.1283629960464
2.9530000686646	1.1273192220684
2.9560000896454	1.1263037561139
2.9590001106262	1.1253164243602
2.9619998931885	1.1243569173047
2.9649999141693	1.1234248451003
2.9679999351501	1.1225196637261
2.9709999561310	1.1216408638806
2.9739999771118	1.1207877461224
2.9769999980927	1.1199595812157
2.9800000190735	1.1191555639206
2.9830000400543	1.1183748177948
2.9860000610352	1.1176164250238
2.9890000820160	1.1168793913712
2.9920001029968	1.1161627004666
2.9949998855591	1.1154653057612
2.9979999065399	1.1147860895683
3.0009999275208	1.1141239871467
3.0039999485016	1.1134778962443
3.0069999694824	1.1128466865642
3.0099999904633	1.1122292828475
3.0130000114441	1.1116246000805
3.0160000324249	1.1110315658679
3.0190000534058	1.1104491940959
3.0220000743866	1.1098765095319
3.0250000953674	1.1093125594411
3.0280001163483	1.1087565111699
3.0309998989105	1.1082075348068
3.0339999198914	1.1076648871864
3.0369999408722	1.1071279157962
3.0399999618530	1.1065960518917
3.0429999828339	1.1060687554370
3.0460000038147	1.1055456363558
3.0490000247955	1.1050263449172
3.0520000457764	1.1045106513871
3.0550000667572	1.1039984035386
3.0580000877380	1.1034895715561
3.0610001087189	1.1029841434364
3.0639998912811	1.1024822781051
3.0669999122620	1.1019841804978
3.0699999332428	1.1014901687982
3.0729999542236	1.1010006194218
3.0759999752045	1.1005159959285
3.0789999961853	1.1000368546013
3.0820000171661	1.0995638068414
3.0850000381470	1.0990975284609
3.0880000591278	1.0986387759318
3.0910000801086	1.0981883411895
3.0940001010895	1.0977470448737
3.0969998836517	1.0973157850062
3.0999999046326	1.0968954696107
3.1029999256134	1.0964870020156
3.1059999465942	1.0960913525437
3.1089999675751	1.0957094235436
3.1119999885559	1.0953421843776
3.1150000095367	1.0949905217619
3.1180000305176	1.0946553332994
3.1210000514984	1.0943374833603
3.1240000724792	1.0940377525581
3.1270000934601	1.0937568977464
3.1300001144409	1.0934955982455
3.1329998970032	1.0932544765468
3.1359999179840	1.0930340589095
3.1389999389648	1.0928347673241
3.1419999599457	1.0926569915934
3.1449999809265	1.0925009428588
3.1480000019073	1.0923667623386
3.1510000228882	1.0922545012957
3.1540000438690	1.0921640822060
3.1570000648499	1.0920953222527
3.1600000858307	1.0920479092272
3.1630001068115	1.0920214196581
3.1659998893738	1.0920153549496
3.1689999103546	1.0920290791992
3.1719999313354	1.0920618460626
3.1749999523163	1.0921128412290
3.1779999732971	1.0921811271456
3.1809999942780	1.0922657178641
3.1840000152588	1.0923655051434
3.1870000362396	1.0924793476190
3.1900000572205	1.0926060257819
3.1930000782013	1.0927442492780
3.1960000991821	1.0928927389150
3.1989998817444	1.0930501377566
3.2019999027252	1.0932150569201
3.2049999237061	1.0933861410245
3.2079999446869	1.0935619999186
3.2109999656677	1.0937412433632
3.2139999866486	1.0939224891137
3.2170000076294	1.0941044488660
3.2200000286102	1.0942857844035
3.2230000495911	1.0944652333232
3.2260000705719	1.0946415941161
3.2290000915527	1.0948136986933
3.2320001125336	1.0949804837391
3.2349998950958	1.0951409132246
3.2379999160767	1.0952940704813
3.2409999370575	1.0954390900824
3.2439999580383	1.0955752035572
3.2469999790192	1.0957017833670
3.2500000000000	1.0958182120639
3.2530000209808	1.0959240653188
3.2560000419617	1.0960189597244
3.2590000629425	1.0961026530050
3.2620000839233	1.0961749936217
3.2650001049042	1.0962359415063
3.2679998874664	1.0962855866310
3.2709999084473	1.0963241116811
3.2739999294281	1.0963517893173
3.2769999504089	1.0963690419213
3.2799999713898	1.0963763659613
3.2829999923706	1.0963743689940
3.2860000133514	1.0963637631456
3.2890000343323	1.0963453496159
3.2920000553131	1.0963200039467
3.2950000762939	1.0962887264241
3.2980000972748	1.0962525580087
3.3010001182556	1.0962126303489
3.3039999008179	1.0961701253563
3.3069999217987	1.0961262916520
3.3099999427795	1.0960824275447
3.3129999637604	1.0960398593122
3.3159999847412	1.0959999840828
3.3190000057220	1.0959641175119
3.3220000267029	1.0959337132096
3.3250000476837	1.0959101309257
3.3280000686646	1.0958947642484
3.3310000896454	1.0958889599326
3.3340001106262	1.0958940383211
3.3369998931885	1.0959112825628
3.3399999141693	1.0959419022206
3.3429999351501	1.0959870777399
3.3459999561310	1.0960478499605
3.3489999771118	1.0961252319526
3.3519999980927	1.0962201319844
3.3550000190735	1.0963333108956
3.3580000400543	1.0964654842894
3.3610000610352	1.0966171987352
3.3640000820160	1.0967889122973
3.3670001029968	1.0969809186314
3.3699998855591	1.0971934387871
3.3729999065399	1.0974265055147
3.3759999275208	1.0976800450422
3.3789999485016	1.0979538481695
3.3819999694824	1.0982475629646
3.3849999904633	1.0985607394467
3.3880000114441	1.0988927820732
3.3910000324249	1.0992429736134
3.3940000534058	1.0996105033507
3.3970000743866	1.0999944092433
3.4000000953674	1.1003937088445
3.4030001163483	1.1008072647704
3.4059998989105	1.1012338877420
3.4089999198914	1.1016723110608
3.4119999408722	1.1021212109135
3.4149999618530	1.1025792071211
3.4179999828339	1.1030449058968
3.4210000038147	1.1035168472679
3.4240000247955	1.1039935689941
3.4270000457764	1.1044736362364
3.4300000667572	1.1049555562832
3.4330000877380	1.1054379074605
3.4360001087189	1.1059192516931
3.4389998912811	1.1063982013150
3.4419999122620	1.1068734309566
3.4449999332428	1.1073436109157
3.4479999542236	1.1078075391422
3.4509999752045	1.1082640499436
3.4539999961853	1.1087120382570
3.4570000171661	1.1091505128775
3.4600000381470	1.1095785496239
3.4630000591278	1.1099953325844
3.4660000801086	1.1104001370816
3.4690001010895	1.1107923267108
3.4719998836517	1.1111714195101
3.4749999046326	1.1115369725725
3.4779999256134	1.1118887521456
3.4809999465942	1.1122265361399
3.4839999675751	1.1125502732701
3.4869999885559	1.1128600384890
3.4900000095367	1.1131559969690
3.4930000305176	1.1134384293287
3.4960000514984	1.1137077421163
3.4990000724792	1.1139644551937
3.5020000934601	1.1142091663029
3.5050001144409	1.1144426338278
3.5079998970032	1.1146656368725
3.5109999179840	1.1148791198422
3.5139999389648	1.1150840717726
3.5169999599457	1.1152815992088
3.5199999809265	1.1154728239611
3.5230000019073	1.1156590013441
3.5260000228882	1.1158413999086
3.5290000438690	1.1160213557877
3.5320000648499	1.1162002392310
3.5350000858307	1.1163794265136
3.5380001068115	1.1165603476286
3.5409998893738	1.1167444159216
3.5439999103546	1.1169330305547
3.5469999313354	1.1171276147930
3.5499999523163	1.1173295265369
3.5529999732971	1.1175400819808
3.5559999942780	1.1177605572548
3.5590000152588	1.1179921843635
3.5620000362396	1.1182360980333
3.5650000572205	1.1184933520992
3.5680000782013	1.1187648889938
3.5710000991821	1.1190515890945
3.5739998817444	1.1193541806623
3.5769999027252	1.1196733000864
3.5799999237061	1.1200094224308
3.5829999446869	1.1203629116798
3.5859999656677	1.1207340084719
3.5889999866486	1.1211227703108
3.5920000076294	1.1215291350195
3.5950000286102	1.1219529078065
3.5980000495911	1.1223937198662
3.6010000705719	1.1228510785445
3.6040000915527	1.1233243526032
3.6070001125336	1.1238127211770
3.6099998950958	1.1243152999353
3.6129999160767	1.1248310420179
3.6159999370575	1.1253587761418
3.6189999580383	1.1258972541296
3.6219999790192	1.1264450623767
3.6250000000000	1.1270007338274
3.6280000209808	1.1275627028215
3.6310000419617	1.1281293069498
3.6340000629425	1.1286988734326
3.6370000839233	1.1292696283580
3.6400001049042	1.1298397923252
3.6429998874664	1.1304075073741
3.6459999084473	1.1309709608637
3.6489999294281	1.1315282402277
3.6519999504089	1.1320775349165
3.6549999713898	1.1326169764951
3.6579999923706	1.1331447854739
3.6610000133514	1.1336591580572
3.6640000343323	1.1341584054656
3.6670000553131	1.1346408209952
3.6700000762939	1.1351048334308
3.6730000972748	1.1355489085734
3.6760001182556	1.1359716589765
3.6789999008179	1.1363717046627
3.6819999217987	1.1367478193096
3.6849999427795	1.1370988953914
3.6879999637604	1.1374239468601
3.6909999847412	1.1377220616238
3.6940000057220	1.1379925457966
3.6970000267029	1.1382347256682
3.7000000476837	1.1384481950714
3.7030000686646	1.1386325868739
3.7060000896454	1.1387877421361
3.7090001106262	1.1389136231285
3.7119998931885	1.1390103528464
3.7149999141693	1.1390782347307
3.7179999351501	1.1391176450281
3.7209999561310	1.1391292152781
3.7239999771118	1.1391136373118
3.7269999980927	1.1390718228833
3.7300000190735	1.1390047587661
3.7330000400543	1.1389136481925
3.7360000610352	1.1387997906087
3.7390000820160	1.1386645690350
3.7420001029968	1.1385096176523
3.7449998855591	1.1383365547161
3.7479999065399	1.1381472029588
3.7509999275208	1.1379434175409
3.7539999485016	1.1377271911224
3.7569999694824	1.1375005805541
3.7599999904633	1.1372656875222
3.7630000114441	1.1370247305296
3.7660000324249	1.1367798619379
3.7690000534058	1.1365333800264
3.7720000743866	1.1362875039371
3.7750000953674	1.1360445146227
3.7780001163483	1.1358066059424
3.7809998989105	1.1355760281032
3.7839999198914	1.1353548835739
3.7869999408722	1.1351452547279
3.7899999618530	1.1349491383006
3.7929999828339	1.1347684316437
3.7960000038147	1.1346048802155
3.7990000247955	1.1344601437089
3.8020000457764	1.1343357027041
3.8050000667572	1.1342328686434
3.8080000877380	1.1341528122786
3.8110001087189	1.1340965016131
3.8139998912811	1.1340646746030
3.8169999122620	1.1340579570414
3.8199999332428	1.1340766397030
3.8229999542236	1.1341208711475
3.8259999752045	1.1341905712616
3.8289999961853	1.1342854454258
3.8320000171661	1.1344049877694
3.8350000381470	1.1345483969597
3.8380000591278	1.1347147475769
3.8410000801086	1.1349028783742
3.8440001010895	1.1351114220663
3.8469998836517	1.1353388249865
3.8499999046326	1.1355833673220
3.8529999256134	1.1358431478016
3.8559999465942	1.1361160862425
3.8589999675751	1.1364000559871
3.8619999885559	1.1366927125820
3.8650000095367	1.1369916740752
3.8680000305176	1.1372944284977
3.8710000514984	1.1375984409469
3.8740000724792	1.1379010545861
3.8770000934601	1.1381996833173
3.8800001144409	1.1384915727756
3.8829998970032	1.1387741449032
3.8859999179840	1.1390447176911
3.8889999389648	1.1393006634645
3.8919999599457	1.1395394530578
3.8949999809265	1.1397586000466
3.8980000019073	1.1399556574898
3.9010000228882	1.1401283500110
3.9040000438690	1.1402744842906
3.9070000648499	1.1403919728522
3.9100000858307	1.1404789098078
3.9130001068115	1.1405334533126
3.9159998893738	1.1405540029143
3.9189999103546	1.1405391182177
3.9219999313354	1.1404875025752
3.9249999523163	1.1403980560958
3.9279999732971	1.1402699104690
3.9309999942780	1.1401023315767
3.9340000152588	1.1398948521657
3.9370000362396	1.1396472083370
3.9400000572205	1.1393592857573
3.9430000782013	1.1390312920352
3.9460000991821	1.1386635756597
3.9489998817444	1.1382567184045
3.9519999027252	1.1378115868932
3.9549999237061	1.1373291923351
3.9579999446869	1.1368107878417
3.9609999656677	1.1362578399528
3.9639999866486	1.1356720574768
3.9670000076294	1.1350553156252
3.9700000286102	1.1344097066415
3.9730000495911	1.1337374842021
3.9760000705719	1.1330411503044
3.9790000915527	1.1323233099740
3.9820001125336	1.1315867746707
3.9849998950958	1.1308344747891
3.9879999160767	1.1300694880032
3.9909999370575	1.1292949857431
3.9939999580383	1.1285142902026
3.9969999790192	1.1277306959147
4.0000000000000	1.1269476722375
