#
#""	"S1,1 [Mag]"	"S1,1 [Pha in deg.]"	"Ref.Imp. [Mag]"	"Ref.Imp. [Pha in deg.]"
#------------------------------------------------------------------------------
1.0000000000000	0.046193114577738	18.181568478278	423.98214192724	90.000000000000
1.0030000209808	0.046471718064886	12.447000374148	426.88126378263	90.000000000000
1.0060000419617	0.046746232685564	6.7555095933333	429.81397224499	90.000000000000
1.0089999437332	0.047013452622283	1.1061000763612	432.78090564905	90.000000000000
1.0119999647141	0.047270207778454	-4.5025216716378	435.78308064506	90.000000000000
1.0149999856949	0.047513391377308	-10.071914278011	438.82118632845	90.000000000000
1.0180000066757	0.047739971061463	-15.603881243096	441.89605501339	90.000000000000
1.0210000276566	0.047946994266771	-21.100459047296	445.00854625894	90.000000000000
1.0240000486374	0.048131625700694	-26.563885053579	448.15954773265	90.000000000000
1.0269999504089	0.048291145657832	-31.996594401098	451.34984917586	90.000000000000
1.0299999713898	0.048422955972544	-37.401207621896	454.58065245005	90.000000000000
1.0329999923706	0.048524615765804	-42.780530396183	457.85281231651	90.000000000000
1.0360000133514	0.048593830751963	-48.137526814273	461.16734326743	90.000000000000
1.0390000343323	0.048628469091387	-53.475344997198	464.52529473190	90.000000000000
1.0420000553131	0.048626602862006	-58.797306304451	467.92775289738	90.000000000000
1.0449999570847	0.048586467159734	-64.106891862700	471.37570433398	90.000000000000
1.0479999780655	0.048506530315269	-69.407818647785	474.87058825527	90.000000000000
1.0509999990463	0.048385443651447	-74.703974000254	478.41347578713	90.000000000000
1.0540000200272	0.048222128959448	-79.999472575864	482.00561856282	90.000000000000
1.0570000410080	0.048015729762632	-85.298688671493	485.64831380889	90.000000000000
1.0599999427795	0.047765682383900	-90.606237560165	489.34275959403	90.000000000000
1.0629999637604	0.047471687131025	-95.927037246092	493.09064602946	90.000000000000
1.0659999847412	0.047133773609982	-101.26633321996	496.89327781026	90.000000000000
1.0690000057220	0.046752298897524	-106.62969831628	500.75216118931	90.000000000000
1.0720000267029	0.046327985533708	-112.02317115106	504.66886132180	90.000000000000
1.0750000476837	0.045861967149603	-117.45314457677	508.64500469313	90.000000000000
1.0779999494553	0.045355791541741	-122.92644979813	512.68212121118	90.000000000000
1.0809999704361	0.044811511848823	-128.45057113498	516.78229177992	90.000000000000
1.0839999914169	0.044231695662420	-134.03334170070	520.94718959854	90.000000000000
1.0870000123978	0.043619487098852	-139.68321977166	525.17872297026	90.000000000000
1.0900000333786	0.042978679090406	-145.40922468503	529.47887980481	90.000000000000
1.0930000543594	0.042313781575190	-151.22092431613	533.84973221856	90.000000000000
1.0959999561310	0.041630076237753	-157.12832795442	538.29326306164	90.000000000000
1.0989999771118	0.040933708709554	-163.14189981718	542.81208098526	90.000000000000
1.1019999980927	0.040231755530626	-169.27228145311	547.40836563736	90.000000000000
1.1050000190735	0.039532295313112	-175.53018266946	552.08457725234	90.000000000000
1.1080000400543	0.038844512835298	178.07402799573	556.84328629200	90.000000000000
1.1109999418259	0.038178705483338	171.53080228821	561.68698709619	90.000000000000
1.1139999628067	0.037546320407163	164.83194539199	566.61887747689	90.000000000000
1.1169999837875	0.036959934326423	157.97137658278	571.64171304975	90.000000000000
1.1200000047684	0.036433166969322	150.94606223158	576.75858034587	90.000000000000
1.1230000257492	0.035980520276612	143.75691517709	581.97271544057	90.000000000000
1.1260000467300	0.035617130289256	136.40978402295	587.28751224981	90.000000000000
1.1289999485016	0.035358353708178	128.91633318554	592.70631636457	90.000000000000
1.1319999694824	0.035219376919163	121.29465608360	598.23330145317	90.000000000000
1.1349999904633	0.035214596693803	113.56929357716	603.87218981085	90.000000000000
1.1380000114441	0.035357060578092	105.77086972584	609.62712169671	90.000000000000
1.1410000324249	0.035657878875229	97.934855382479	615.50245551376	90.000000000000
1.1440000534058	0.036125759472403	90.099821394196	621.50278307644	90.000000000000
1.1469999551773	0.036766616709690	82.305264389214	627.63269979905	90.000000000000
1.1499999761581	0.037583435354294	74.589226048460	633.89780344028	90.000000000000
1.1529999971390	0.038576328757908	66.986268948032	640.30325105875	90.000000000000
1.1560000181198	0.039742745846080	59.525745788327	646.85475001074	90.000000000000
1.1590000391006	0.041077852094229	52.230858433663	653.55833781227	90.000000000000
1.1619999408722	0.042574983968329	45.118297695740	660.42013361270	90.000000000000
1.1649999618530	0.044226103955445	38.198529672852	667.44746147349	90.000000000000
1.1679999828339	0.046022249253039	31.476403813794	674.64724804733	90.000000000000
1.1710000038147	0.047953940268302	24.952113096388	682.02713711303	90.000000000000
1.1740000247955	0.050011466158416	18.622124620954	689.59525824688	90.000000000000
1.1770000457764	0.052185139809141	12.480183350466	697.36026464506	90.000000000000
1.1799999475479	0.054465489856932	6.5181189959252	705.33105915592	90.000000000000
1.1829999685287	0.056843325129648	0.72658387216179	713.51811838067	90.000000000000
1.1859999895096	0.059309853117154	-4.9043971098028	721.93164866923	90.000000000000
1.1890000104904	0.061856681713130	-10.384995788634	730.58290381145	90.000000000000
1.1920000314713	0.064475835403884	-15.725266444660	739.48393924258	90.000000000000
1.1950000524521	0.067159746826257	-20.934928522442	748.64768709386	90.000000000000
1.1979999542236	0.069901208609521	-26.023255694161	758.08765979408	90.000000000000
1.2009999752045	0.072693407955688	-30.998967727369	767.81955829584	90.000000000000
1.2039999961853	0.075529858490186	-35.870117695612	777.85912567459	90.000000000000
1.2070000171661	0.078404342953499	-40.644283788460	788.22375639852	90.000000000000
1.2100000381470	0.081310940681712	-45.328370179880	798.93225630442	90.000000000000
1.2130000591278	0.084243970671977	-49.928694872975	810.00499848544	90.000000000000
1.2159999608994	0.087197969757317	-54.451125115677	821.46362867409	90.000000000000
1.2189999818802	0.090167695414535	-58.900965710300	833.33310584826	90.000000000000
1.2220000028610	0.093148036233602	-63.283049861042	845.63918713802	90.000000000000
1.2250000238419	0.096134099852505	-67.601777729896	858.41049344169	90.000000000000
1.2280000448227	0.099121113227645	-71.861166231526	871.67834864607	90.000000000000
1.2309999465942	0.10210445212473	-76.064929751909	885.47656594085	90.000000000000
1.2339999675751	0.10507959000811	-80.216399079966	899.84405327725	90.000000000000
1.2369999885559	0.10804217531383	-84.318558377607	914.82198608968	90.000000000000
1.2400000095367	0.11098791234093	-88.374242387987	930.45650665950	90.000000000000
1.2430000305176	0.11391264564106	-92.385940364150	946.79881022366	90.000000000000
1.2460000514984	0.11681229784396	-96.355947211525	963.90587878364	90.000000000000
1.2489999532700	0.11968290956918	-100.28639450330	981.84062407433	90.000000000000
1.2519999742508	0.12252062563675	-104.17921822190	1000.6758156572	90.000000000000
1.2549999952316	0.12532163889901	-108.03610286179	1020.4910454564	90.000000000000
1.2580000162125	0.12808229057511	-111.85870038279	1041.3770432480	90.000000000000
1.2610000371933	0.13079895518837	-115.64844752026	1063.4367814518	90.000000000000
1.2640000581741	0.13346818642228	-119.40671098104	1086.7877019654	90.000000000000
1.2669999599457	0.13608652457428	-123.13465618214	1111.5634164728	90.000000000000
1.2699999809265	0.13865071216229	-126.83341740369	1137.9211121606	90.000000000000
1.2730000019073	0.14115749220306	-130.50401917285	1166.0398575407	90.000000000000
1.2760000228882	0.14360378008410	-134.14738004771	1196.1298474947	90.000000000000
1.2790000438690	0.14598655445797	-137.76431948137	1228.4382433596	90.000000000000
1.2819999456406	0.14830289297723	-141.35560342730	1263.2565859499	90.000000000000
1.2849999666214	0.15055000781350	-144.92197042625	1300.9379622429	90.000000000000
1.2879999876022	0.15272517125971	-148.46396851298	1341.9040529974	90.000000000000
1.2910000085831	0.15482579832537	-151.98222806748	1386.6711564926	90.000000000000
1.2940000295639	0.15684940869501	-155.47721966831	1435.8771158426	90.000000000000
1.2970000505447	0.15879368848028	-158.94940408956	1490.3207791617	90.000000000000
1.2999999523163	0.16065628206400	-162.39918076277	1551.0158455772	90.000000000000
1.3029999732971	0.16243514594988	-165.82689761262	1619.2834040077	90.000000000000
1.3059999942780	0.16412823939231	-169.23288133364	1696.8619888877	90.000000000000
1.3090000152588	0.16573369113930	-172.61734933242	1786.1111108898	90.000000000000
1.3120000362396	0.16724972470206	-175.98057550193	1890.3238317625	90.000000000000
1.3150000572205	0.16867471973946	-179.32272347187	2014.2630860143	90.000000000000
1.3179999589920	0.17000719416580	177.35609729343	2165.1230174620	90.000000000000
1.3209999799728	0.17124580040491	174.05572225324	2354.4375281161	90.000000000000
1.3240000009537	0.17238928254304	170.77613799958	2602.0770403355	90.000000000000
1.3270000219345	0.17343657852223	167.51727747168	2946.1269392055	90.000000000000
1.3300000429153	0.17438675983879	164.27914031302	3472.0920341479	90.000000000000
1.3329999446869	0.17523900408941	161.06176634277	4432.0913094685	90.000000000000
1.3359999656677	0.17599268379550	157.86523616667	7239.6710488254	90.000000000000
1.3389999866486	0.17664731585549	154.68963543022	8931.6479829942	0.00020668961810013
1.3420000076294	0.17720251207618	151.53508364956	4770.6810833538	0.0000000000000
1.3450000286102	0.17765814474828	148.40176925831	3648.3046085175	0.0000000000000
1.3480000495911	0.17801408772875	145.28988779789	3069.8017215793	0.0000000000000
1.3509999513626	0.17827055982609	142.19965656384	2702.7708786551	0.0000000000000
1.3539999723434	0.17842775448274	139.13134118755	2443.6259692976	0.0000000000000
1.3569999933243	0.17848615648297	136.08524942513	2248.2452492115	0.0000000000000
1.3600000143051	0.17844636914641	133.06170823982	2094.2220164870	0.0000000000000
1.3630000352859	0.17830912570787	130.06107280160	1968.8154158504	0.0000000000000
1.3660000562668	0.17807539631895	127.08376610704	1864.1762694091	0.0000000000000
1.3689999580383	0.17774628429235	124.13020188399	1775.1738707231	0.0000000000000
1.3719999790192	0.17732303144187	121.20086933565	1698.2834386293	0.0000000000000
1.3750000000000	0.17680708699082	118.29629201713	1631.0069265752	0.0000000000000
1.3780000209808	0.17620011342352	115.41698436418	1571.5099918348	0.0000000000000
1.3810000419617	0.17550382357186	112.56354966203	1518.4129770544	0.0000000000000
1.3839999437332	0.17472026129542	109.73658568704	1470.6575320921	0.0000000000000
1.3869999647141	0.17385149262051	106.93681037468	1427.4099715366	0.0000000000000
1.3899999856949	0.17289990532193	104.16487288637	1388.0121752680	0.0000000000000
1.3930000066757	0.17186794555807	101.42156923625	1351.9315814758	0.0000000000000
1.3960000276566	0.17075835431236	98.707633402723	1318.7331819673	0.0000000000000
1.3990000486374	0.16957394627348	96.023917190831	1288.0576837690	0.0000000000000
1.4019999504089	0.16831782407208	93.371289548677	1259.6064883052	0.0000000000000
1.4049999713898	0.16699319862180	90.750682441535	1233.1251239765	0.0000000000000
1.4079999923706	0.16560350725545	88.163051554163	1208.4007807476	0.0000000000000
1.4110000133514	0.16415234938669	85.609326154976	1185.2505635162	0.0000000000000
1.4140000343323	0.16264353168558	83.090598009318	1163.5170859002	0.0000000000000
1.4170000553131	0.16108107812373	80.607932691713	1143.0640826847	0.0000000000000
1.4199999570847	0.15946914559144	78.162427665197	1123.7736462244	0.0000000000000
1.4229999780655	0.15781211642896	75.755166248838	1105.5403968177	0.0000000000000
1.4259999990463	0.15611453731523	73.387357938539	1088.2737768594	0.0000000000000
1.4290000200272	0.15438121456577	71.060149178457	1071.8930788563	0.0000000000000
1.4320000410080	0.15261704775139	68.774767719147	1056.3266805316	0.0000000000000
1.4349999427795	0.15082716277168	66.532388683336	1041.5113610119	0.0000000000000
1.4379999637604	0.14901688146434	64.334188474925	1027.3889029025	0.0000000000000
1.4409999847412	0.14719168414725	62.181363151470	1013.9087417951	0.0000000000000
1.4440000057220	0.14535724359230	60.075073430512	1001.0248189745	0.0000000000000
1.4470000267029	0.14351932458463	58.016394676587	988.69555127824	0.0000000000000
1.4500000476837	0.14168393988860	56.006384801448	976.88328314590	0.0000000000000
1.4529999494553	0.13985715977236	54.046024185074	965.55426910361	0.0000000000000
1.4559999704361	0.13804520433116	52.136151235762	954.67649168529	0.0000000000000
1.4589999914169	0.13625442079844	50.277509684403	944.22201815795	0.0000000000000
1.4620000123978	0.13449116159603	48.470676965896	934.16488040878	0.0000000000000
1.4650000333786	0.13276192467520	46.716057531239	924.48127337446	0.0000000000000
1.4680000543594	0.13107315709340	45.013847621984	915.14933057891	0.0000000000000
1.4709999561310	0.12943133687691	43.363979784193	906.14927732658	0.0000000000000
1.4739999771118	0.12784288214463	41.766155839883	897.46184243301	0.0000000000000
1.4769999980927	0.12631406540403	40.219737107725	889.07024684288	0.0000000000000
1.4800000190735	0.12485107912292	38.723789737007	880.95862687804	0.0000000000000
1.4830000400543	0.12345989549830	37.276997093599	873.11227417701	0.0000000000000
1.4859999418259	0.12214622635770	35.877683498415	865.51783118179	0.0000000000000
1.4889999628067	0.12091543146920	34.523793070444	858.16199654743	0.0000000000000
1.4919999837875	0.11977259546581	33.212854032041	851.03325516421	0.0000000000000
1.4950000047684	0.11872226580373	31.941999461366	844.12058144241	0.0000000000000
1.4980000257492	0.11776857484240	30.707987710268	837.41368006101	0.0000000000000
1.5010000467300	0.11691505605275	29.507186318133	830.90292290297	0.0000000000000
1.5039999485016	0.11616466840896	28.335647524782	824.57954456766	0.0000000000000
1.5069999694824	0.11551971438364	27.189110700351	818.43459473189	0.0000000000000
1.5099999904633	0.11498178068057	26.063083836754	812.46040174837	0.0000000000000
1.5130000114441	0.11455181137572	24.952862012975	806.64951868573	0.0000000000000
1.5160000324249	0.11422993058214	23.853649562426	800.99494113565	0.0000000000000
1.5190000534058	0.11401562726156	22.760563196249	795.49007436783	0.0000000000000
1.5219999551773	0.11390758780745	21.668768560700	790.12891354388	0.0000000000000
1.5249999761581	0.11390381194732	20.573500215416	784.90517084383	0.0000000000000
1.5279999971390	0.11400161343478	19.470170723725	779.81352710482	0.0000000000000
1.5310000181198	0.11419769517396	18.354394370525	774.84875167474	0.0000000000000
1.5340000391006	0.11448812458940	17.222080844572	770.00589537703	0.0000000000000
1.5369999408722	0.11486845940528	16.069455074410	765.28045869933	0.0000000000000
1.5399999618530	0.11533379185901	14.893097814415	760.66762638688	0.0000000000000
1.5429999828339	0.11587880775115	13.689979890948	756.16337983300	0.0000000000000
1.5460000038147	0.11649784155955	12.457471396893	751.76372421424	0.0000000000000
1.5490000247955	0.11718497068446	11.193349080865	747.46486574497	0.0000000000000
1.5520000457764	0.11793405553475	9.8957858705904	743.26319762747	0.0000000000000
1.5549999475479	0.11873883666208	8.5633526179064	739.15545111060	0.0000000000000
1.5579999685287	0.11959294952636	7.1949899316192	735.13803499376	0.0000000000000
1.5609999895096	0.12049001691115	5.7899880480235	731.20800544006	0.0000000000000
1.5640000104904	0.12142368422591	4.3479607196805	727.36239930498	0.0000000000000
1.5670000314713	0.12238766036427	2.8688160766721	723.59839040517	0.0000000000000
1.5700000524521	0.12337578035922	1.3527276902793	719.91328152684	0.0000000000000
1.5729999542236	0.12438196392453	-0.19989669237614	716.30463910300	0.0000000000000
1.5759999752045	0.12540035540436	-1.7884462441790	712.76971622291	0.0000000000000
1.5789999961853	0.12642525881511	-3.4121339878203	709.30630596065	0.0000000000000
1.5820000171661	0.12745118976818	-5.0700238975541	705.91215897616	0.0000000000000
1.5850000381470	0.12847292751943	-6.7610574535203	702.58512189088	0.0000000000000
1.5880000591278	0.12948538818509	-8.4840760184613	699.32313297954	0.0000000000000
1.5909999608994	0.13048388188596	-10.237838492904	696.12434258724	0.0000000000000
1.5939999818802	0.13146383641989	-12.021046178431	692.98660373454	0.0000000000000
1.5970000028610	0.13242098631714	-13.832349988406	689.90822923526	0.0000000000000
1.6000000238419	0.13335133814132	-15.670377136211	686.88747733692	0.0000000000000
1.6030000448227	0.13425111288010	-17.533728894284	683.92267545992	0.0000000000000
1.6059999465942	0.13511681892950	-19.421002518734	681.01233214405	0.0000000000000
1.6089999675751	0.13594517167627	-21.330796509764	678.15467297171	0.0000000000000
1.6119999885559	0.13673323587111	-23.261707162821	675.34833174946	0.0000000000000
1.6150000095367	0.13747818795169	-25.212357397778	672.59188232476	0.0000000000000
1.6180000305176	0.13817748682949	-27.181387023296	669.88395253053	0.0000000000000
1.6210000514984	0.13882891714625	-29.167445223219	667.22322151480	0.0000000000000
1.6239999532700	0.13943034147124	-31.169223644111	664.60852051027	0.0000000000000
1.6269999742508	0.13997994422092	-33.185423389648	662.03841699364	0.0000000000000
1.6299999952316	0.14047610196053	-35.214795753267	659.51183565971	0.0000000000000
1.6330000162125	0.14091739849631	-37.256099715986	657.02763901739	0.0000000000000
1.6360000371933	0.14130259548496	-39.308141495817	654.58472977068	0.0000000000000
1.6390000581741	0.14163072413039	-41.369740653148	652.18204948233	0.0000000000000
1.6419999599457	0.14190092480956	-43.439780190571	649.81866971009	0.0000000000000
1.6449999809265	0.14211258607276	-45.517126673441	647.49341691720	0.0000000000000
1.6480000019073	0.14226523164375	-47.600714502659	645.20543369704	0.0000000000000
1.6510000228882	0.14235857867267	-49.689495004106	642.95380046585	0.0000000000000
1.6540000438690	0.14239253858075	-51.782444625775	640.73762816711	0.0000000000000
1.6569999456406	0.14236714497306	-53.878564771890	638.55614358263	0.0000000000000
1.6599999666214	0.14228257510809	-55.976902752929	636.40834245892	0.0000000000000
1.6629999876022	0.14213921168237	-58.076501342862	634.29350876965	0.0000000000000
1.6660000085831	0.14193755690156	-60.176458858455	632.21086509673	0.0000000000000
1.6690000295639	0.14167826356739	-62.275869414328	630.15965896756	0.0000000000000
1.6720000505447	0.14136207927482	-64.373884613652	628.13916172809	0.0000000000000
1.6749999523163	0.14098991806767	-66.469634113130	626.14874626822	0.0000000000000
1.6779999732971	0.14056277801820	-68.562322200550	624.18757103562	0.0000000000000
1.6809999942780	0.14008183513204	-70.651144744784	622.25505361618	0.0000000000000
1.6840000152588	0.13954832240310	-72.735309250919	620.35055233667	0.0000000000000
1.6870000362396	0.13896358661570	-74.814062320360	618.47344487797	0.0000000000000
1.6900000572205	0.13832909134325	-76.886683187475	616.62312779266	0.0000000000000
1.6929999589920	0.13764640589437	-78.952419273522	614.79908760994	0.0000000000000
1.6959999799728	0.13691712496456	-81.010615345727	613.00061165407	0.0000000000000
1.6990000009537	0.13614298804621	-83.060573708730	611.22722185315	0.0000000000000
1.7020000219345	0.13532579556629	-85.101625449410	609.47838339083	0.0000000000000
1.7050000429153	0.13446738500191	-87.133196830542	607.75357666841	0.0000000000000
1.7079999446869	0.13356969828838	-89.154605185136	606.05236433163	0.0000000000000
1.7109999656677	0.13263469880951	-91.165330874501	604.37412104709	0.0000000000000
1.7139999866486	0.13166443396961	-93.164773259911	602.71843886430	0.0000000000000
1.7170000076294	0.13066095527903	-95.152386045062	601.08485508455	0.0000000000000
1.7200000286102	0.12962638928583	-97.127690208802	599.47291991089	0.0000000000000
1.7230000495911	0.12856288669386	-99.090180328886	597.88219587382	0.0000000000000
1.7259999513626	0.12747259845516	-101.03939352931	596.31231953137	0.0000000000000
1.7289999723434	0.12635768223489	-102.97492031339	594.76275239577	0.0000000000000
1.7319999933243	0.12522037168883	-104.89636004268	593.23315479700	0.0000000000000
1.7350000143051	0.12406282766312	-106.80334997838	591.72313511133	0.0000000000000
1.7380000352859	0.12288724065615	-108.69555975163	590.23231202214	0.0000000000000
1.7410000562668	0.12169580548951	-110.57272459486	588.76031432111	0.0000000000000
1.7439999580383	0.12049063893058	-112.43456772347	587.30683789453	0.0000000000000
1.7469999790192	0.11927390507453	-114.28089042111	585.87141535348	0.0000000000000
1.7500000000000	0.11804767311489	-116.11153140468	584.45376199418	0.0000000000000
1.7530000209808	0.11681399833722	-117.92636821975	583.05354391007	0.0000000000000
1.7560000419617	0.11557488768557	-119.72532767628	581.67043548593	0.0000000000000
1.7589999437332	0.11433226513688	-121.50839372819	580.30417343596	0.0000000000000
1.7619999647141	0.11308804241213	-123.27557893605	578.95433986680	0.0000000000000
1.7649999856949	0.11184400699150	-125.02697274327	577.62068800179	0.0000000000000
1.7680000066757	0.11060184974883	-126.76269134374	576.30292386721	0.0000000000000
1.7710000276566	0.10936328162198	-128.48296612725	575.00076074863	0.0000000000000
1.7740000486374	0.10812979265009	-130.18798085440	573.71391884885	0.0000000000000
1.7769999504089	0.10690286614232	-131.87807161505	572.44217545124	0.0000000000000
1.7799999713898	0.10568385415553	-133.55357358033	571.18516317821	0.0000000000000
1.7829999923706	0.10447397408152	-135.21488781706	569.94267301042	0.0000000000000
1.7860000133514	0.10327436218105	-136.86249939485	568.71445130511	0.0000000000000
1.7890000343323	0.10208603119396	-138.49692727248	567.50025034444	0.0000000000000
1.7920000553131	0.10090984106653	-140.11871294752	566.29982823990	0.0000000000000
1.7949999570847	0.099746537213886	-141.72848833782	565.11299562463	0.0000000000000
1.7979999780655	0.098596800635984	-143.32691001389	563.93942754045	0.0000000000000
1.8009999990463	0.097461068400770	-144.91468115354	562.77894607315	0.0000000000000
1.8040000200272	0.096339742750983	-146.49253628343	561.63133111851	0.0000000000000
1.8070000410080	0.095233047768418	-148.06128119928	560.49636742994	0.0000000000000
1.8099999427795	0.094141097037980	-149.62170325263	559.37388907226	0.0000000000000
1.8129999637604	0.093063872342333	-151.17464177631	558.26360123234	0.0000000000000
1.8159999847412	0.092001212140247	-152.72094202952	557.16534790050	0.0000000000000
1.8190000057220	0.090952863796238	-154.26147769427	556.07893263424	0.0000000000000
1.8220000267029	0.089918432526333	-155.79711222555	555.00416335204	0.0000000000000
1.8250000476837	0.088897392407446	-157.32872390825	553.94085210293	0.0000000000000
1.8279999494553	0.087889178257184	-158.85715621234	552.88885665438	0.0000000000000
1.8309999704361	0.086893054347237	-160.38332205243	551.84791360526	0.0000000000000
1.8339999914169	0.085908233736999	-161.90801258396	550.81788912465	0.0000000000000
1.8370000123978	0.084933813191945	-163.43205846924	549.79861113096	0.0000000000000
1.8400000333786	0.083968836408707	-164.95624211591	548.78991115913	0.0000000000000
1.8430000543594	0.083012262612957	-166.48131601686	547.79162430493	0.0000000000000
1.8459999561310	0.082062997002474	-168.00798567402	546.80362818212	0.0000000000000
1.8489999771118	0.081119887902346	-169.53690966462	545.82568630312	0.0000000000000
1.8519999980927	0.080181744310847	-171.06874264466	544.85768344072	0.0000000000000
1.8550000190735	0.079247356262750	-172.60400539293	543.89946815661	0.0000000000000
1.8580000400543	0.078315477052979	-174.14321712669	542.95089201978	0.0000000000000
1.8609999418259	0.077384827373070	-175.68682567433	542.01184681945	0.0000000000000
1.8639999628067	0.076454152604895	-177.23521630281	541.08211550701	0.0000000000000
1.8669999837875	0.075522192870662	-178.78870180402	540.16159617184	0.0000000000000
1.8700000047684	0.074587703792740	179.65248499001	539.25015216571	0.0000000000000
1.8730000257492	0.073649442669338	178.08811186768	538.34764960154	0.0000000000000
1.8760000467300	0.072706210570577	176.51813811365	537.45395718298	0.0000000000000
1.8789999485016	0.071756845063544	174.94246817721	536.56898124176	0.0000000000000
1.8819999694824	0.070800221566551	173.36115660899	535.69252533169	0.0000000000000
1.8849999904633	0.069835260526439	171.77431301971	534.82450120324	0.0000000000000
1.8880000114441	0.068860931066134	170.18208621299	533.96478767620	0.0000000000000
1.8910000324249	0.067876289893560	168.58471038466	533.11326588772	0.0000000000000
1.8940000534058	0.066880403831354	166.98253810273	532.26981925223	0.0000000000000
1.8969999551773	0.065872470907685	165.37595613076	531.43436645596	0.0000000000000
1.8999999761581	0.064851713186978	163.76542520312	530.60672899519	0.0000000000000
1.9029999971390	0.063817446826691	162.15149156673	529.78683024528	0.0000000000000
1.9060000181198	0.062769074586598	160.53474557510	528.97456233566	0.0000000000000
1.9090000391006	0.061706040788715	158.91589274817	528.16981934304	0.0000000000000
1.9119999408722	0.060627924316640	157.29571855102	527.37252889635	0.0000000000000
1.9149999618530	0.059534351235952	155.67507839046	526.58252562160	0.0000000000000
1.9179999828339	0.058425039372783	154.05490284281	525.79974132778	0.0000000000000
1.9210000038147	0.057299798724030	152.43621934822	525.02407779898	0.0000000000000
1.9240000247955	0.056158502826009	150.82015209271	524.25543864460	0.0000000000000
1.9270000457764	0.055001138433707	149.20795470055	523.49372916468	0.0000000000000
1.9299999475479	0.053827772043409	147.60096393077	522.73888626681	0.0000000000000
1.9329999685287	0.052638533695304	146.00060655158	521.99075869062	0.0000000000000
1.9359999895096	0.051433664642267	144.40850849520	521.24928698565	0.0000000000000
1.9390000104904	0.050213465809136	142.82637164491	520.51438316674	0.0000000000000
1.9420000314713	0.048978357617739	141.25610019526	519.78596079444	0.0000000000000
1.9450000524521	0.047728800800839	139.69977361126	519.06393494116	0.0000000000000
1.9479999542236	0.046465377757499	138.15961970316	518.34825048894	0.0000000000000
1.9509999752045	0.045188725881684	136.63818108136	517.63876863571	0.0000000000000
1.9539999961853	0.043899592306472	135.13819098839	516.93543745587	0.0000000000000
1.9570000171661	0.042598787372158	133.66267969501	516.23817787966	0.0000000000000
1.9600000381470	0.041287225317196	132.21506026970	515.54691214629	0.0000000000000
1.9630000591278	0.039965887622307	130.79906198293	514.86156385573	0.0000000000000
1.9659999608994	0.038635887644921	129.41897438622	514.18208477425	0.0000000000000
1.9689999818802	0.037298387298535	128.07952118004	513.50834714332	0.0000000000000
1.9720000028610	0.035954689713266	126.78607545947	512.84030554409	0.0000000000000
1.9750000238419	0.034606193806760	125.54472867100	512.17788869087	0.0000000000000
1.9780000448227	0.033254416856146	124.36245624620	511.52102643766	0.0000000000000
1.9809999465942	0.031901033400862	123.24727229999	510.86967561379	0.0000000000000
1.9839999675751	0.030547846396018	122.20832269042	510.22371665580	0.0000000000000
1.9869999885559	0.029196864629022	121.25630240240	509.58310892667	0.0000000000000
1.9900000095367	0.027850299312069	120.40359548863	508.94778689032	0.0000000000000
1.9930000305176	0.026510609291454	119.66467672667	508.31768607727	0.0000000000000
1.9960000514984	0.025180559504255	119.05659960154	507.69274305320	0.0000000000000
1.9989999532700	0.023863292174873	118.59933121394	507.07291994879	0.0000000000000
2.0020000934601	0.022562398895207	118.31656188276	506.45808187439	0.0000000000000
2.0050001144409	0.021282048934376	118.23634876217	505.84824198668	0.0000000000000
2.0079998970032	0.020027117154815	118.39177429494	505.24336423648	0.0000000000000
2.0109999179840	0.018803367839287	118.82191138383	504.64329405323	0.0000000000000
2.0139999389648	0.017617686586186	119.57244050557	504.04802220666	0.0000000000000
2.0169999599457	0.016478330193442	120.69595540537	503.45749210409	0.0000000000000
2.0199999809265	0.015395263179558	122.25154501415	502.87164804985	0.0000000000000
2.0230000019073	0.014380446073172	124.30262008327	502.29043523031	0.0000000000000
2.0260000228882	0.013448109005155	126.91196778593	501.71379971628	0.0000000000000
2.0290000438690	0.012614814789816	130.13262650500	501.14168836783	0.0000000000000
2.0320000648499	0.011899114485821	133.99323586030	500.57404890228	0.0000000000000
2.0350000858307	0.011320497769516	138.47839742227	500.01082984843	0.0000000000000
2.0380001068115	0.010897454107616	143.50892347128	499.45198053068	0.0000000000000
2.0409998893738	0.010644701011361	148.93092171566	498.89749494134	0.0000000000000
2.0439999103546	0.010570202666014	154.52552868150	498.34723580725	0.0000000000000
2.0469999313354	0.010673144956946	160.04297089958	497.80119900707	0.0000000000000
2.0499999523163	0.010943787842700	165.24997990947	497.25933689588	0.0000000000000
2.0529999732971	0.011365356271698	169.96996738154	496.72160255026	0.0000000000000
2.0559999942780	0.011917055170316	174.10053809503	496.18794975456	0.0000000000000
2.0590000152588	0.012577075097041	177.60814075712	495.65833300767	0.0000000000000
2.0620000362396	0.013324774918568	-179.49029895164	495.13270745608	0.0000000000000
2.0650000572205	0.014141867990164	-177.14768067427	494.61102892007	0.0000000000000
2.0680000782013	0.015012854308453	-175.30314679652	494.09325388328	0.0000000000000
2.0710000991821	0.015924925761935	-173.89294469044	493.57933947274	0.0000000000000
2.0739998817444	0.016867676783501	-172.85647648734	493.06928383415	0.0000000000000
2.0769999027252	0.017832731536795	-172.13916957956	492.56296424647	0.0000000000000
2.0799999237061	0.018813373242013	-171.69341560566	492.06038041167	0.0000000000000
2.0829999446869	0.019804218880989	-171.47835974112	491.56149191296	0.0000000000000
2.0859999656677	0.020800975154521	-171.45938617897	491.06625891956	0.0000000000000
2.0889999866486	0.021800214065861	-171.60723295490	490.57464217602	0.0000000000000
2.0920000076294	0.022799195857000	-171.89729630071	490.08660300067	0.0000000000000
2.0950000286102	0.023795759099687	-172.30877474162	489.60210326384	0.0000000000000
2.0980000495911	0.024788198061468	-172.82420816907	489.12110535808	0.0000000000000
2.1010000705719	0.025775189347032	-173.42873449581	488.64357222660	0.0000000000000
2.1040000915527	0.026755726502534	-174.10984157329	488.16946733777	0.0000000000000
2.1070001125336	0.027729063549315	-174.85683189802	487.69875467571	0.0000000000000
2.1099998950958	0.028694684761542	-175.66056712893	487.23143572515	0.0000000000000
2.1129999160767	0.029652261199538	-176.51331638373	486.76740120087	0.0000000000000
2.1159999370575	0.030601626111605	-177.40837144085	486.30665386265	0.0000000000000
2.1189999580383	0.031542760909849	-178.34000956091	485.84915966772	0.0000000000000
2.1219999790192	0.032475752508065	-179.30332569872	485.39488504512	0.0000000000000
2.1250000000000	0.033400815371550	179.70591434720	484.94379688742	0.0000000000000
2.1280000209808	0.034318230004584	178.69137170084	484.49586256446	0.0000000000000
2.1310000419617	0.035228380489010	177.65616100141	484.05104984959	0.0000000000000
2.1340000629425	0.036131684181349	176.60297298759	483.60932697825	0.0000000000000
2.1370000839233	0.037028661646539	175.53410298199	483.17066261816	0.0000000000000
2.1400001049042	0.037919836615035	174.45150407141	482.73502586189	0.0000000000000
2.1429998874664	0.038805795460787	173.35685645888	482.30242047798	0.0000000000000
2.1459999084473	0.039687151524537	172.25155494896	481.87274761524	0.0000000000000
2.1489999294281	0.040564542939580	171.13677223713	481.44601211405	0.0000000000000
2.1519999504089	0.041438617166671	170.01342506825	481.02218469523	0.0000000000000
2.1549999713898	0.042310037033594	168.88237226467	480.60123646964	0.0000000000000
2.1579999923706	0.043179467340126	167.74417617207	480.18313893159	0.0000000000000
2.1610000133514	0.044047571376417	166.59935599522	479.76786396490	0.0000000000000
2.1640000343323	0.044914996386470	165.44822391563	479.35538380608	0.0000000000000
2.1670000553131	0.045782376021854	164.29107816446	478.94567105473	0.0000000000000
2.1700000762939	0.046650341346963	163.12803507699	478.53869867624	0.0000000000000
2.1730000972748	0.047519470520137	161.95917063867	478.13443998865	0.0000000000000
2.1760001182556	0.048390341798447	160.78448631828	477.73286865689	0.0000000000000
2.1789999008179	0.049263481213959	159.60390340490	477.33399026706	0.0000000000000
2.1819999217987	0.050139379401234	158.41730924439	476.93771577444	0.0000000000000
2.1849999427795	0.051018490500549	157.22454981468	476.54405165984	0.0000000000000
2.1879999637604	0.051901236592757	156.02544165419	476.15297292000	0.0000000000000
2.1909999847412	0.052787989387931	154.81976614742	475.76445487124	0.0000000000000
2.1940000057220	0.053679052767860	153.60727043495	475.37847314912	0.0000000000000
2.1970000267029	0.054574707586624	152.38772612243	474.99500370157	0.0000000000000
2.2000000476837	0.055475170238692	151.16087247427	474.61402276032	0.0000000000000
2.2030000686646	0.056380629781453	149.92648282018	474.23550686958	0.0000000000000
2.2060000896454	0.057291191046553	148.68428970231	473.85943286843	0.0000000000000
2.2090001106262	0.058206937051374	147.43403990774	473.48577788611	0.0000000000000
2.2119998931885	0.059127874293787	146.17556092549	473.11454873811	0.0000000000000
2.2149999141693	0.060053989132641	144.90858861300	472.74566411499	0.0000000000000
2.2179999351501	0.060985197668540	143.63298314828	472.37913159627	0.0000000000000
2.2209999561310	0.061921371272565	142.34856024062	472.01492942698	0.0000000000000
2.2239999771118	0.062862363472352	141.05515942076	471.65303612035	0.0000000000000
2.2269999980927	0.063807944687555	139.75270797423	471.29343045358	0.0000000000000
2.2300000190735	0.064757878878796	138.44106464519	470.93609147807	0.0000000000000
2.2330000400543	0.065711880469942	137.12020618749	470.58099847372	0.0000000000000
2.2360000610352	0.066669613552490	135.79007180646	470.22813098411	0.0000000000000
2.2390000820160	0.067630714218239	134.45064706636	469.87746880237	0.0000000000000
2.2420001029968	0.068594835371376	133.10198443828	469.52899196599	0.0000000000000
2.2449998855591	0.069561540753954	131.74408823400	469.18270818653	0.0000000000000
2.2479999065399	0.070530405004996	130.37706955115	468.83854292749	0.0000000000000
2.2509999275208	0.071500982725197	129.00097451130	468.49650455722	0.0000000000000
2.2539999485016	0.072472789448446	127.61592465659	468.15657405403	0.0000000000000
2.2569999694824	0.073445349528558	126.22210063154	467.81873262267	0.0000000000000
2.2599999904633	0.074418180868858	124.81964198017	467.48296169091	0.0000000000000
2.2630000114441	0.075390764713639	123.40871633675	467.14924291400	0.0000000000000
2.2660000324249	0.076362612497224	121.98953798432	466.81755815437	0.0000000000000
2.2690000534058	0.077333204110650	120.56230271769	466.48788948265	0.0000000000000
2.2720000743866	0.078302050155707	119.12727907789	466.16021918609	0.0000000000000
2.2750000953674	0.079268641943268	117.68466126816	465.83452975890	0.0000000000000
2.2780001163483	0.080232502150072	116.23474774581	465.51080389925	0.0000000000000
2.2809998989105	0.081193115817242	114.77778541172	465.18904999049	0.0000000000000
2.2839999198914	0.082150035772615	113.31402250588	464.86919999535	0.0000000000000
2.2869999408722	0.083102800786975	111.84375646275	464.55126285783	0.0000000000000
2.2899999618530	0.084050980006524	110.36731411670	464.23522206253	0.0000000000000
2.2929999828339	0.084994121902403	108.88489039030	463.92106128353	0.0000000000000
2.2960000038147	0.085931859627947	107.39686296595	463.60876438410	0.0000000000000
2.2990000247955	0.086863772929866	105.90348421884	463.29831541732	0.0000000000000
2.3020000457764	0.087789532565622	104.40507834691	462.98969859902	0.0000000000000
2.3050000667572	0.088708774985453	102.90188994509	462.68289833456	0.0000000000000
2.3080000877380	0.089621212483596	101.39422223015	462.37789920561	0.0000000000000
2.3110001087189	0.090526555258115	99.882345304361	462.07468596770	0.0000000000000
2.3139998912811	0.091424530855559	98.366591155873	461.77326742812	0.0000000000000
2.3169999122620	0.092314915095274	96.847160451595	461.47358077076	0.0000000000000
2.3199999332428	0.093197494807801	95.324356322968	461.17563529087	0.0000000000000
2.3229999542236	0.094072103203657	93.798423620899	460.87941641506	0.0000000000000
2.3259999752045	0.094938568118075	92.269608582320	460.58490973184	0.0000000000000
2.3289999961853	0.095796786189187	90.738143512218	460.29210098940	0.0000000000000
2.3320000171661	0.096646644469491	89.204246965193	460.00097610294	0.0000000000000
2.3350000381470	0.097488066755292	87.668164426295	459.71152112574	0.0000000000000
2.3380000591278	0.098321029082465	86.130060923737	459.42372226970	0.0000000000000
2.3410000801086	0.099145469793702	84.590153632263	459.13756589983	0.0000000000000
2.3440001010895	0.099961414317140	83.048607525991	458.85303853009	0.0000000000000
2.3469998836517	0.10076886627536	81.505585325067	458.57014923976	0.0000000000000
2.3499999046326	0.10156788566271	79.961252698368	458.28883985973	0.0000000000000
2.3529999256134	0.10235850983292	78.415716663404	458.00911989621	0.0000000000000
2.3559999465942	0.10314083936008	76.869104032354	457.73097643877	0.0000000000000
2.3589999675751	0.10391495508060	75.321546199507	457.45439671602	0.0000000000000
2.3619999885559	0.10468094943155	73.773127723761	457.17936809373	0.0000000000000
2.3650000095367	0.10543898928930	72.223905167240	456.90587807787	0.0000000000000
2.3680000305176	0.10618915105697	70.673957180302	456.63391430388	0.0000000000000
2.3710000514984	0.10693159947156	69.123352979591	456.36346453221	0.0000000000000
2.3740000724792	0.10766649073637	67.572108833646	456.09451665914	0.0000000000000
2.3770000934601	0.10839395615316	66.020234322841	455.82705870915	0.0000000000000
2.3800001144409	0.10911415841742	64.467761611235	455.56107883325	0.0000000000000
2.3829998970032	0.10982722861841	62.914685569709	455.29658626313	0.0000000000000
2.3859999179840	0.11053334822918	61.360983172429	455.03352736096	0.0000000000000
2.3889999389648	0.11123262841484	59.806621827372	454.77191172943	0.0000000000000
2.3919999599457	0.11192522055202	58.251574795338	454.51172800910	0.0000000000000
2.3949999809265	0.11261127741305	56.695769832309	454.25296495891	0.0000000000000
2.3980000019073	0.11329088675429	55.139167928777	453.99561145556	0.0000000000000
2.4010000228882	0.11396417077308	53.581678025030	453.73965649810	0.0000000000000
2.4040000438690	0.11463122127381	52.023235727216	453.48508918250	0.0000000000000
2.4070000648499	0.11529211914762	50.463737927624	453.23189872608	0.0000000000000
2.4100000858307	0.11594692882718	48.903108452820	452.98007445702	0.0000000000000
2.4130001068115	0.11659567406090	47.341234757378	452.72960581300	0.0000000000000
2.4159998893738	0.11723838468853	45.778010449618	452.48050208129	0.0000000000000
2.4189999103546	0.11787505683505	44.213322813733	452.23271331627	0.0000000000000
2.4219999313354	0.11850567290154	42.647066828535	451.98624913306	0.0000000000000
2.4249999523163	0.11913016961833	41.079118035081	451.74109939331	0.0000000000000
2.4279999732971	0.11974847750072	39.509362470722	451.49725406133	0.0000000000000
2.4309999942780	0.12036048933798	37.937674389478	451.25470320276	0.0000000000000
2.4340000152588	0.12096609207692	36.363934263690	451.01343698978	0.0000000000000
2.4370000362396	0.12156512741153	34.788035508987	450.77344568271	0.0000000000000
2.4400000572205	0.12215741054410	33.209848545950	450.53471964115	0.0000000000000
2.4430000782013	0.12274273848263	31.629263468718	450.29724932347	0.0000000000000
2.4460000991821	0.12332088242299	30.046175997328	450.06102528315	0.0000000000000
2.4489998817444	0.12389156324846	28.460476954903	449.82605679342	0.0000000000000
2.4519999027252	0.12445452234720	26.872063076553	449.59229723715	0.0000000000000
2.4549999237061	0.12500941961435	25.280849639308	449.35975617848	0.0000000000000
2.4579999446869	0.12555592571776	23.686744660904	449.12842453968	0.0000000000000
2.4609999656677	0.12609367892287	22.089668514678	448.89829333235	0.0000000000000
2.4639999866486	0.12662231607322	20.489552426810	448.66935365636	0.0000000000000
2.4670000076294	0.12714141147230	18.886332486185	448.44159670171	0.0000000000000
2.4700000286102	0.12765055392500	17.279955480864	448.21501374369	0.0000000000000
2.4730000495911	0.12814927950846	15.670375358335	447.98959613522	0.0000000000000
2.4760000705719	0.12863713869552	14.057562677319	447.76533531846	0.0000000000000
2.4790000915527	0.12911366899411	12.441491480154	447.54222281859	0.0000000000000
2.4820001125336	0.12957835282985	10.822149115847	447.32025024275	0.0000000000000
2.4849998950958	0.13003074073349	9.1995307999581	447.09942677981	0.0000000000000
2.4879999160767	0.13047025454261	7.5736510038186	446.87970909968	0.0000000000000
2.4909999370575	0.13089641118707	5.9445266394704	446.66110664776	0.0000000000000
2.4939999580383	0.13130867913252	4.3121886575081	446.44361134930	0.0000000000000
2.4969999790192	0.13170655528146	2.6766800705641	446.22721520671	0.0000000000000
2.5000000000000	0.13208947769020	1.0380548140194	446.01191029864	0.0000000000000
2.5030000209808	0.13245691795678	-0.60362171894027	445.79768878656	0.0000000000000
2.5060000419617	0.13280838380020	-2.2482734072855	445.58454289124	0.0000000000000
2.5090000629425	0.13314330284179	-3.8958129250451	445.37246491461	0.0000000000000
2.5120000839233	0.13346120483543	-5.5461422243327	445.16144723127	0.0000000000000
2.5150001049042	0.13376157583983	-7.1991509328154	444.95148228763	0.0000000000000
2.5179998874664	0.13404387922419	-8.8547245011820	444.74257916088	0.0000000000000
2.5209999084473	0.13430769125417	-10.512728243498	444.53469722957	0.0000000000000
2.5239999294281	0.13455251686990	-12.173025456227	444.32784580037	0.0000000000000
2.5269999504089	0.13477792863615	-13.835466983797	444.12201759860	0.0000000000000
2.5299999713898	0.13498345522338	-15.499897259335	443.91720541729	0.0000000000000
2.5329999923706	0.13516873730062	-17.166144360865	443.71340211634	0.0000000000000
2.5360000133514	0.13533336133931	-18.834034216106	443.51060062627	0.0000000000000
2.5390000343323	0.13547696388165	-20.503389297848	443.30879393651	0.0000000000000
2.5420000553131	0.13559920127202	-22.174014395753	443.10797510056	0.0000000000000
2.5450000762939	0.13569980543304	-23.845708834037	442.90813723834	0.0000000000000
2.5480000972748	0.13577844547764	-25.518272518975	442.70927353288	0.0000000000000
2.5510001182556	0.13583492112968	-27.191488093350	442.51137722965	0.0000000000000
2.5539999008179	0.13586898476505	-28.865142731518	442.31445724242	0.0000000000000
2.5569999217987	0.13588042975989	-30.539015709610	442.11847564391	0.0000000000000
2.5599999427795	0.13586913376921	-32.212868173408	441.92344155193	0.0000000000000
2.5629999637604	0.13583497736089	-33.886477173967	441.72934845452	0.0000000000000
2.5659999847412	0.13577786667532	-35.559608271190	441.53618989864	0.0000000000000
2.5690000057220	0.13569775331608	-37.232011777063	441.34395949129	0.0000000000000
2.5720000267029	0.13559464366966	-38.903457149711	441.15265089817	0.0000000000000
2.5750000476837	0.13546852291480	-40.573682786623	440.96225783436	0.0000000000000
2.5780000686646	0.13531945880501	-42.242458316509	440.77277407598	0.0000000000000
2.5810000896454	0.13514756771701	-43.909530527808	440.58419345484	0.0000000000000
2.5840001106262	0.13495297268658	-45.574647995212	440.39650985780	0.0000000000000
2.5869998931885	0.13473585870781	-47.237544686285	440.20973203223	0.0000000000000
2.5899999141693	0.13449638218961	-48.898002248155	440.02382428501	0.0000000000000
2.5929999351501	0.13423486356378	-50.555741647472	439.83879554736	0.0000000000000
2.5959999561310	0.13395151562866	-52.210531974991	439.65463992034	0.0000000000000
2.5989999771118	0.13364666809959	-53.862116149757	439.47135155711	0.0000000000000
2.6019999980927	0.13332067089543	-55.510267413533	439.28892466229	0.0000000000000
2.6050000190735	0.13297390105955	-57.154730162096	439.10735349686	0.0000000000000
2.6080000400543	0.13260678802835	-58.795261190732	438.92663236185	0.0000000000000
2.6110000610352	0.13221974708933	-60.431635188783	438.74675561248	0.0000000000000
2.6140000820160	0.13181325217549	-62.063641173666	438.56771765379	0.0000000000000
2.6170001029968	0.13138782530037	-63.691029075079	438.38951293959	0.0000000000000
2.6199998855591	0.13094398079469	-65.313582443592	438.21215003445	0.0000000000000
2.6229999065399	0.13048227414622	-66.931110844464	438.03559529207	0.0000000000000
2.6259999275208	0.13000327255506	-68.543389128030	437.85985744323	0.0000000000000
2.6289999485016	0.12950760754773	-70.150232395047	437.68493113143	0.0000000000000
2.6319999694824	0.12899586501382	-71.751446308347	437.51081104636	0.0000000000000
2.6349999904633	0.12846868145491	-73.346869013245	437.33749192335	0.0000000000000
2.6380000114441	0.12792676006403	-74.936309112007	437.16496854591	0.0000000000000
2.6410000324249	0.12737072374120	-76.519601842491	436.99323573868	0.0000000000000
2.6440000534058	0.12680127323512	-78.096609894979	436.82228836853	0.0000000000000
2.6470000743866	0.12621910003965	-79.667198884976	436.65212134859	0.0000000000000
2.6500000953674	0.12562489760729	-81.231217421792	436.48272963527	0.0000000000000
2.6530001163483	0.12501937780432	-82.788567216120	436.31410822780	0.0000000000000
2.6559998989105	0.12440324017140	-84.339157751049	436.14626547284	0.0000000000000
2.6589999198914	0.12377722000986	-85.882876501422	435.97916977821	0.0000000000000
2.6619999408722	0.12314198932601	-87.419655015950	435.81282963990	0.0000000000000
2.6649999618530	0.12249826485407	-88.949426278701	435.64724022390	0.0000000000000
2.6679999828339	0.12184675935742	-90.472121366448	435.48239673679	0.0000000000000
2.6710000038147	0.12118814390972	-91.987726612893	435.31829442629	0.0000000000000
2.6740000247955	0.12052311520935	-93.496201345421	435.15492858214	0.0000000000000
2.6770000457764	0.11985231584422	-94.997558802324	434.99229452596	0.0000000000000
2.6800000667572	0.11917640649103	-96.491786009437	434.83038762255	0.0000000000000
2.6830000877380	0.11849602690918	-97.978908727894	434.66920327522	0.0000000000000
2.6860001087189	0.11781178745415	-99.458956239724	434.50873692542	0.0000000000000
2.6889998912811	0.11712424143940	-100.93192734046	434.34899671759	0.0000000000000
2.6919999122620	0.11643400933968	-102.39798571452	434.18995277663	0.0000000000000
2.6949999332428	0.11574160620687	-103.85710568407	434.03161338278	0.0000000000000
2.6979999542236	0.11504754475153	-105.30945058638	433.87397412608	0.0000000000000
2.7009999752045	0.11435231469462	-106.75504506235	433.71703063280	0.0000000000000
2.7039999961853	0.11365637874111	-108.19402888315	433.56077856501	0.0000000000000
2.7070000171661	0.11296012898813	-109.62653951875	433.40521362418	0.0000000000000
2.7100000381470	0.11226400059350	-111.05268234982	433.25033153986	0.0000000000000
2.7130000591278	0.11156832285234	-112.47259764049	433.09612807858	0.0000000000000
2.7160000801086	0.11087343500598	-113.88644615943	432.94259904214	0.0000000000000
2.7190001010895	0.11017960807185	-115.29434195683	432.78974026639	0.0000000000000
2.7219998836517	0.10948713000511	-116.69649622669	432.63755968902	0.0000000000000
2.7249999046326	0.10879618674101	-118.09305212659	432.48602901957	0.0000000000000
2.7279999256134	0.10810698311301	-119.48414402325	432.33515631956	0.0000000000000
2.7309999465942	0.10741967669927	-120.87001584412	432.18493755761	0.0000000000000
2.7339999675751	0.10673437378499	-122.25077698700	432.03536873470	0.0000000000000
2.7369999885559	0.10605116045001	-123.62662611638	431.88644588386	0.0000000000000
2.7400000095367	0.10537008577137	-124.99772018393	431.73816507187	0.0000000000000
2.7430000305176	0.10469117650357	-126.36422120654	431.59052239525	0.0000000000000
2.7460000514984	0.10401443654589	-127.72632376860	431.44351397880	0.0000000000000
2.7490000724792	0.10333981090607	-129.08416959496	431.29713598056	0.0000000000000
2.7520000934601	0.10266724610454	-130.43791034287	431.15138458903	0.0000000000000
2.7550001144409	0.10199664713711	-131.78769258054	431.00625602292	0.0000000000000
2.7579998970032	0.10132790938103	-133.13365011875	430.86175798752	0.0000000000000
2.7609999179840	0.10066091094589	-134.47591421200	430.71786379452	0.0000000000000
2.7639999389648	0.099995469363531	-135.81457361653	430.57458126145	0.0000000000000
2.7669999599457	0.099331444518676	-137.14976697552	430.43190672479	0.0000000000000
2.7699999809265	0.098668629561883	-138.48155150853	430.28983654971	0.0000000000000
2.7730000019073	0.098006861403077	-139.81001387105	430.14836713023	0.0000000000000
2.7760000228882	0.097345915299106	-141.13521004877	430.00749489152	0.0000000000000
2.7790000438690	0.096685580009515	-142.45718642036	429.86721627946	0.0000000000000
2.7820000648499	0.096025665531586	-143.77593341377	429.72752777135	0.0000000000000
2.7850000858307	0.095365936314285	-145.09150899093	429.58842587187	0.0000000000000
2.7880001068115	0.094706188354246	-146.40386391415	429.44990711276	0.0000000000000
2.7909998893738	0.094046214548598	-147.71299446181	429.31197899040	0.0000000000000
2.7939999103546	0.093385789719381	-149.01884431587	429.17461616469	0.0000000000000
2.7969999313354	0.092724745495219	-150.32133358607	429.03782623488	0.0000000000000
2.7999999523163	0.092062876956356	-151.62037881984	428.90160583848	0.0000000000000
2.8029999732971	0.091400016715842	-152.91587660242	428.76595163883	0.0000000000000
2.8059999942780	0.090736012783687	-154.20772508559	428.63086032484	0.0000000000000
2.8090000152588	0.090070723417850	-155.49576310598	428.49632861356	0.0000000000000
2.8120000362396	0.089404010441222	-156.77981155888	428.36235324249	0.0000000000000
2.8150000572205	0.088735795773941	-158.05973333531	428.22893097470	0.0000000000000
2.8180000782013	0.088066010270710	-159.33531374572	428.09605859896	0.0000000000000
2.8210000991821	0.087394560896274	-160.60634064515	427.96373292838	0.0000000000000
2.8239998817444	0.086721472649874	-161.87259382109	427.83196125163	0.0000000000000
2.8269999027252	0.086046706511893	-163.13382658291	427.70071948055	0.0000000000000
2.8299999237061	0.085370304281408	-164.38978938440	427.57001499826	0.0000000000000
2.8329999446869	0.084692320201384	-165.64020650679	427.43984471311	0.0000000000000
2.8359999656677	0.084012833466979	-166.88480132427	427.31020555670	0.0000000000000
2.8389999866486	0.083331967057166	-168.12329297224	427.18109448364	0.0000000000000
2.8420000076294	0.082649872118970	-169.35537704189	427.05250847270	0.0000000000000
2.8450000286102	0.081966705867633	-170.58075270882	426.92444452489	0.0000000000000
2.8480000495911	0.081282691525118	-171.79910991372	426.79689966031	0.0000000000000
2.8510000705719	0.080598047463245	-173.01011552502	426.66987092357	0.0000000000000
2.8540000915527	0.079913039888790	-174.21347223550	426.54335538128	0.0000000000000
2.8570001125336	0.079227977555192	-175.40885111733	426.41735012180	0.0000000000000
2.8599998950958	0.078543155482100	-176.59593810173	426.29186220624	0.0000000000000
2.8629999160767	0.077858929410695	-177.77443235688	426.16686882013	0.0000000000000
2.8659999370575	0.077175700966430	-178.94400672084	426.04237711088	0.0000000000000
2.8689999580383	0.076493814815989	179.89563971381	425.91838425197	0.0000000000000
2.8719999790192	0.075813723081446	178.74480748421	425.79488743767	0.0000000000000
2.8750000000000	0.075135844298841	177.60374234132	425.67188388288	0.0000000000000
2.8780000209808	0.074460663433239	176.47274475826	425.54937082628	0.0000000000000
2.8810000419617	0.073788615725281	175.35204755959	425.42734551995	0.0000000000000
2.8840000629425	0.073120216077632	174.24189635912	425.30580523945	0.0000000000000
2.8870000839233	0.072455952661056	173.14248158364	425.18474728022	0.0000000000000
2.8900001049042	0.071796314727032	172.05400874443	425.06416895736	0.0000000000000
2.8929998874664	0.071141855561026	170.97665619193	424.94407713032	0.0000000000000
2.8959999084473	0.070493050252170	169.91053184963	424.82445006248	0.0000000000000
2.8989999294281	0.069850435938434	168.85575905934	424.70529469290	0.0000000000000
2.9019999504089	0.069214517715071	167.81240586857	424.58660841365	0.0000000000000
2.9049999713898	0.068585820491249	166.78054287890	424.46838863562	0.0000000000000
2.9079999923706	0.067964821406097	165.76014155070	424.35063278833	0.0000000000000
2.9110000133514	0.067352003398935	164.75122499940	424.23333832181	0.0000000000000
2.9140000343323	0.066747854224718	163.75367637081	424.11650270148	0.0000000000000
2.9170000553131	0.066152815754956	162.76743720213	424.00012341062	0.0000000000000
2.9200000762939	0.065567325904325	161.79234756796	423.88419795166	0.0000000000000
2.9230000972748	0.064991775605481	160.82825441680	423.76872384488	0.0000000000000
2.9260001182556	0.064426553364567	159.87492506322	423.65369862820	0.0000000000000
2.9289999008179	0.063872000086978	158.93209808241	423.53912894231	0.0000000000000
2.9319999217987	0.063328440049047	157.99951926193	423.42499415128	0.0000000000000
2.9349999427795	0.062796134071299	157.07682662159	423.31130096883	0.0000000000000
2.9379999637604	0.062275348259094	156.16370209885	423.19804700202	0.0000000000000
2.9409999847412	0.061766267429444	155.25971312029	423.08522987479	0.0000000000000
2.9440000057220	0.061269053385505	154.36443640563	422.97284722869	0.0000000000000
2.9470000267029	0.060783833922011	153.47747048648	422.86089672238	0.0000000000000
2.9500000476837	0.060310668943613	152.59828789928	422.74937602742	0.0000000000000
2.9530000686646	0.059849608252313	151.72642957918	422.63828283392	0.0000000000000
2.9560000896454	0.059400617503853	150.86135442009	422.52761484813	0.0000000000000
2.9590001106262	0.058963654975696	150.00258234216	422.41736979238	0.0000000000000
2.9619998931885	0.058538617636097	149.14954425945	422.30755411449	0.0000000000000
2.9649999141693	0.058125365437410	148.30171707708	422.19814811308	0.0000000000000
2.9679999351501	0.057723688416182	147.45855405703	422.08915830365	0.0000000000000
2.9709999561310	0.057333390373210	146.61953349066	421.98058247125	0.0000000000000
2.9739999771118	0.056954189000424	145.78413510718	421.87241841630	0.0000000000000
2.9769999980927	0.056585786954911	144.95184594190	421.76466395445	0.0000000000000
2.9800000190735	0.056227851295725	144.12217140905	421.65731691900	0.0000000000000
2.9830000400543	0.055880015566864	143.29465105662	421.55037515329	0.0000000000000
2.9860000610352	0.055541893061428	142.46882685967	421.44383651758	0.0000000000000
2.9890000820160	0.055213061191703	141.64428427054	421.33769888711	0.0000000000000
2.9920001029968	0.054893085697497	140.82067487732	421.23196015169	0.0000000000000
2.9949998855591	0.054581517100145	139.99765284433	421.12662657102	0.0000000000000
2.9979999065399	0.054277872421492	139.17489976969	421.02167931878	0.0000000000000
3.0009999275208	0.053981690686330	138.35213556318	420.91712471745	0.0000000000000
3.0039999485016	0.053692492571595	137.52919836076	420.81296071393	0.0000000000000
3.0069999694824	0.053409784667222	136.70586718165	420.70918526908	0.0000000000000
3.0099999904633	0.053133096751807	135.88205724606	420.60579635765	0.0000000000000
3.0130000114441	0.052861952866184	135.05765632778	420.50279196954	0.0000000000000
3.0160000324249	0.052595881398978	134.23262676683	420.40017010658	0.0000000000000
3.0190000534058	0.052334448232599	133.40702291275	420.29792878313	0.0000000000000
3.0220000743866	0.052077223020180	132.58086720617	420.19606602819	0.0000000000000
3.0250000953674	0.051823784460895	131.75427820900	420.09457988402	0.0000000000000
3.0280001163483	0.051573764251026	130.92741884122	419.99346840605	0.0000000000000
3.0309998989105	0.051326794454653	130.10041735322	419.89273765175	0.0000000000000
3.0339999198914	0.051082545351931	129.27355484917	419.79236969268	0.0000000000000
3.0369999408722	0.050840727320382	128.44707344630	419.69237064424	0.0000000000000
3.0399999618530	0.050601087852600	127.62124745797	419.59273861345	0.0000000000000
3.0429999828339	0.050363386837783	126.79643836149	419.49347171998	0.0000000000000
3.0460000038147	0.050127451304481	125.97296136606	419.39456809647	0.0000000000000
3.0490000247955	0.049893126122055	125.15120596817	419.29602588913	0.0000000000000
3.0520000457764	0.049660310019447	124.33155568969	419.19784325282	0.0000000000000
3.0550000667572	0.049428936525657	123.51442114310	419.10001835669	0.0000000000000
3.0580000877380	0.049198994354669	122.70017902284	419.00254938202	0.0000000000000
3.0610001087189	0.048970480237715	121.88929749633	418.90543452209	0.0000000000000
3.0639998912811	0.048743468219592	121.08218725454	418.80867965691	0.0000000000000
3.0669999122620	0.048518053296491	120.27925924575	418.71226762371	0.0000000000000
3.0699999332428	0.048294381912912	119.48091718869	418.61620435645	0.0000000000000
3.0729999542236	0.048072627151151	118.68755130251	418.52048809551	0.0000000000000
3.0759999752045	0.047853001892551	117.89956611299	418.42511709283	0.0000000000000
3.0789999961853	0.047635761430625	117.11726195120	418.33008961177	0.0000000000000
3.0820000171661	0.047421186494556	116.34105146419	418.23540392902	0.0000000000000
3.0850000381470	0.047209587509543	115.57115274137	418.14105832902	0.0000000000000
3.0880000591278	0.047001312023332	114.80786756313	418.04705110848	0.0000000000000
3.0910000801086	0.046796724232032	114.05138264838	417.95338057564	0.0000000000000
3.0940001010895	0.046596201916970	113.30186578789	417.86004504971	0.0000000000000
3.0969998836517	0.046400158575030	112.55947785496	417.76705023841	0.0000000000000
3.0999999046326	0.046209012807230	111.82427605138	417.67437969886	0.0000000000000
3.1029999256134	0.046023181599914	111.09625978260	417.58203918906	0.0000000000000
3.1059999465942	0.045843112909707	110.37537230692	417.49002707131	0.0000000000000
3.1089999675751	0.045669224210381	109.66153751476	417.39834171844	0.0000000000000
3.1119999885559	0.045501963874198	108.95455823151	417.30698151377	0.0000000000000
3.1150000095367	0.045341742969800	108.25419106230	417.21594485203	0.0000000000000
3.1180000305176	0.045188977773406	107.56016150857	417.12523013740	0.0000000000000
3.1210000514984	0.045044069597120	106.87208833905	417.03483578287	0.0000000000000
3.1240000724792	0.044907381656922	106.18956092575	416.94476021280	0.0000000000000
3.1270000934601	0.044779266326130	105.51205918353	416.85500186163	0.0000000000000
3.1300001144409	0.044660040519741	104.83906951887	416.76555917375	0.0000000000000
3.1329998970032	0.044549995039631	104.16995631633	416.67643767261	0.0000000000000
3.1359999179840	0.044449376498899	103.50412115975	416.58762165712	0.0000000000000
3.1389999389648	0.044358383553974	102.84077335873	416.49911669737	0.0000000000000
3.1419999599457	0.044277199734902	102.17925447172	416.41092127692	0.0000000000000
3.1449999809265	0.044205926489281	101.51874907405	416.32303388889	0.0000000000000
3.1480000019073	0.044144632767626	100.85851588507	416.23545303616	0.0000000000000
3.1510000228882	0.044093345832706	100.19762632156	416.14817723254	0.0000000000000
3.1540000438690	0.044052033485268	99.535344443449	416.06120499756	0.0000000000000
3.1570000648499	0.044020614774654	98.870781256010	415.97453486200	0.0000000000000
3.1600000858307	0.043998948982557	98.203102842553	415.88816536584	0.0000000000000
3.1630001068115	0.043986843917276	97.531519083891	415.80209505824	0.0000000000000
3.1659998893738	0.043984072455262	96.855192912841	415.71632930134	0.0000000000000
3.1689999103546	0.043990344165980	96.173362385461	415.63085302899	0.0000000000000
3.1719999313354	0.044005317641965	95.485289271864	415.54567164698	0.0000000000000
3.1749999523163	0.044028619973896	94.790276585552	415.46078374036	0.0000000000000
3.1779999732971	0.044059821565921	94.087641252774	415.37618790300	0.0000000000000
3.1809999942780	0.044098470417178	93.376809477909	415.29188273749	0.0000000000000
3.1840000152588	0.044144058443089	92.657235495079	415.20786685656	0.0000000000000
3.1870000362396	0.044196062304876	91.928426935843	415.12413887915	0.0000000000000
3.1900000572205	0.044253922927176	91.189974184065	415.04069743310	0.0000000000000
3.1930000782013	0.044317048922717	90.441535794374	414.95754115530	0.0000000000000
3.1960000991821	0.044384854124528	89.682824676419	414.87466869104	0.0000000000000
3.1989998817444	0.044456717055223	88.913622430121	414.79208524629	0.0000000000000
3.2019999027252	0.044532001913498	88.133819548416	414.70977635400	0.0000000000000
3.2049999237061	0.044610088504181	87.343334250656	414.62774726102	0.0000000000000
3.2079999446869	0.044690341113481	86.542166852036	414.54599664561	0.0000000000000
3.2109999656677	0.044772124377993	85.730413265906	414.46452319416	0.0000000000000
3.2139999866486	0.044854806995946	84.908221345654	414.38332560105	0.0000000000000
3.2170000076294	0.044937800937741	84.075758340645	414.30240256934	0.0000000000000
3.2200000286102	0.045020495820427	83.233323176181	414.22175280983	0.0000000000000
3.2230000495911	0.045102316247725	82.381243067965	414.14137503940	0.0000000000000
3.2260000705719	0.045182714972315	81.519901414958	414.06126798398	0.0000000000000
3.2290000915527	0.045261160337271	80.649735253399	413.98143037722	0.0000000000000
3.2320001125336	0.045337168759480	79.771208553157	413.90186096044	0.0000000000000
3.2349998950958	0.045410269363786	78.884896164900	413.82256477310	0.0000000000000
3.2379999160767	0.045480045891305	77.991317491178	413.74352796774	0.0000000000000
3.2409999370575	0.045546105603391	77.091098480942	413.66475562191	0.0000000000000
3.2439999580383	0.045608100055291	76.184881383458	413.58624650705	0.0000000000000
3.2469999790192	0.045665745062840	75.273311570529	413.50799940202	0.0000000000000
3.2500000000000	0.045718761060638	74.357094651424	413.43001309298	0.0000000000000
3.2530000209808	0.045766956401729	73.436918571483	413.35228637520	0.0000000000000
3.2560000419617	0.045810158004036	72.513505044127	413.27481804753	0.0000000000000
3.2590000629425	0.045848256938777	71.587576584503	413.19760691785	0.0000000000000
3.2620000839233	0.045881185451771	70.659900646023	413.12065180113	0.0000000000000
3.2650001049042	0.045908926376460	69.731157672657	413.04395151943	0.0000000000000
3.2679998874664	0.045931521566072	68.802118296512	412.96751096659	0.0000000000000
3.2709999084473	0.045949054892981	67.873499827701	412.89131682730	0.0000000000000
3.2739999294281	0.045961651001675	66.945999135772	412.81537403117	0.0000000000000
3.2769999504089	0.045969502503732	66.020330547057	412.73968142802	0.0000000000000
3.2799999713898	0.045972835568172	65.097149487259	412.66423787445	0.0000000000000
3.2829999923706	0.045971926779607	64.177122866486	412.58904223387	0.0000000000000
3.2860000133514	0.045967100194939	63.260851448327	412.51409337745	0.0000000000000
3.2890000343323	0.045958720319398	62.348926489011	412.43939018148	0.0000000000000
3.2920000553131	0.045947185432276	61.441916629727	412.36493152870	0.0000000000000
3.2950000762939	0.045932950557030	60.540290992572	412.29071630907	0.0000000000000
3.2980000972748	0.045916489232617	59.644524377064	412.21674341903	0.0000000000000
3.3010001182556	0.045898316304317	58.755029190286	412.14301176154	0.0000000000000
3.3039999008179	0.045878969551645	57.872146755542	412.06952607540	0.0000000000000
3.3069999217987	0.045859017195110	56.996173028854	411.99627359684	0.0000000000000
3.3099999427795	0.045839050164278	56.127342693236	411.92325909809	0.0000000000000
3.3129999637604	0.045819672219270	55.265826092395	411.85048150753	0.0000000000000
3.3159999847412	0.045801519471309	54.411713575459	411.77793975975	0.0000000000000
3.3190000057220	0.045785191029789	53.565051901732	411.70563279599	0.0000000000000
3.3220000267029	0.045771348876641	52.725790240481	411.63355956394	0.0000000000000
3.3250000476837	0.045760612304198	51.893813392732	411.56171901548	0.0000000000000
3.3280000686646	0.045753616013649	51.068936138406	411.49011010971	0.0000000000000
3.3310000896454	0.045750973341503	50.250908075450	411.41873181179	0.0000000000000
3.3340001106262	0.045753285503858	49.439375154137	411.34758309285	0.0000000000000
3.3369998931885	0.045761136628590	48.633957580834	411.27666855614	0.0000000000000
3.3399999141693	0.045775077123520	47.834168922996	411.20597591259	0.0000000000000
3.3429999351501	0.045795643856447	47.039469301444	411.13550979692	0.0000000000000
3.3459999561310	0.045823309788606	46.249266354725	411.06526920374	0.0000000000000
3.3489999771118	0.045858534827648	45.462895307871	410.99525313343	0.0000000000000
3.3519999980927	0.045901730699116	44.679640123009	410.92546059211	0.0000000000000
3.3550000190735	0.045953241497876	43.898756389659	410.85589059298	0.0000000000000
3.3580000400543	0.046013390161814	43.119432617495	410.78654215219	0.0000000000000
3.3610000610352	0.046082422100444	42.340857237865	410.71741429266	0.0000000000000
3.3640000820160	0.046160541831191	41.562150623988	410.64850604300	0.0000000000000
3.3670001029968	0.046247878447426	40.782461682655	410.57981643736	0.0000000000000
3.3699998855591	0.046344527400074	40.000901952361	410.51134994804	0.0000000000000
3.3729999065399	0.046450497911862	39.216590080923	410.44309473609	0.0000000000000
3.3759999275208	0.046565750231094	38.428649547262	410.37505530346	0.0000000000000
3.3789999485016	0.046690182558118	37.636234660802	410.30723070602	0.0000000000000
3.3819999694824	0.046823627820990	36.838512679952	410.23962000499	0.0000000000000
3.3849999904633	0.046965874084101	36.034667927581	410.17222226686	0.0000000000000
3.3880000114441	0.047116643078612	35.223946086752	410.10503656422	0.0000000000000
3.3910000324249	0.047275601186145	34.405638184778	410.03806197393	0.0000000000000
3.3940000534058	0.047442372378944	33.579051391521	409.97129757749	0.0000000000000
3.3970000743866	0.047616512121751	32.743603792546	409.90474246224	0.0000000000000
3.4000000953674	0.047797566914120	31.898728974535	409.83839572066	0.0000000000000
3.4030001163483	0.047985013409334	31.043942500669	409.77225645027	0.0000000000000
3.4059998989105	0.048178305296037	30.178839868205	409.70632898409	0.0000000000000
3.4089999198914	0.048376861856983	29.303049236471	409.64060195115	0.0000000000000
3.4119999408722	0.048580077296833	28.416305221964	409.57507971228	0.0000000000000
3.4149999618530	0.048787321197528	27.518392471449	409.50976138499	0.0000000000000
3.4179999828339	0.048997957964581	26.609174564404	409.44464609173	0.0000000000000
3.4210000038147	0.049211323124098	25.688586692351	409.37973296005	0.0000000000000
3.4240000247955	0.049426752308864	24.756624061366	409.31502112301	0.0000000000000
3.4270000457764	0.049643594691580	23.813356235431	409.25050971641	0.0000000000000
3.4300000667572	0.049861174488915	22.858916104654	409.18619788200	0.0000000000000
3.4330000877380	0.050078849196579	21.893495991108	409.12208476625	0.0000000000000
3.4360001087189	0.050295970089026	20.917345658342	409.05816952037	0.0000000000000
3.4389998912811	0.050511912348072	19.930773549546	408.99445635558	0.0000000000000
3.4419999122620	0.050726080355054	18.934136905868	408.93093430479	0.0000000000000
3.4449999332428	0.050937877600822	17.927844247164	408.86760760549	0.0000000000000
3.4479999542236	0.051146766078128	16.912341617297	408.80447542740	0.0000000000000
3.4509999752045	0.051352225043380	15.888118554533	408.74153694480	0.0000000000000
3.4539999961853	0.051553761862555	14.855703753775	408.67879133650	0.0000000000000
3.4570000171661	0.051750935844097	13.815650780587	408.61623778689	0.0000000000000
3.4600000381470	0.051943337043993	12.768543420272	408.55387548286	0.0000000000000
3.4630000591278	0.052130604691753	11.714988759439	408.49170361636	0.0000000000000
3.4660000801086	0.052312419404172	10.655610471006	408.42972138398	0.0000000000000
3.4690001010895	0.052488501738811	9.5910521719264	408.36792798669	0.0000000000000
3.4719998836517	0.052658641777123	8.5219605478483	408.30632751810	0.0000000000000
3.4749999046326	0.052822647209745	7.4489969311051	408.24490939507	0.0000000000000
3.4779999256134	0.052980419556650	6.3728190084240	408.18367773604	0.0000000000000
3.4809999465942	0.053131865460314	5.2940881488558	408.12263175917	0.0000000000000
3.4839999675751	0.053276967982332	4.2134563737455	408.06177068687	0.0000000000000
3.4869999885559	0.053415766512253	3.1315690812224	408.00109374571	0.0000000000000
3.4900000095367	0.053548340553812	2.0490581341244	407.94060016706	0.0000000000000
3.4930000305176	0.053674820971595	0.96653825467906	407.88028918592	0.0000000000000
3.4960000514984	0.053795394628419	-0.11539538488979	407.82016004062	0.0000000000000
3.4990000724792	0.053910298687234	-1.1961724178979	407.76021197428	0.0000000000000
3.5020000934601	0.054019804720952	-2.2752503139086	407.70044423407	0.0000000000000
3.5050001144409	0.054124255724384	-3.3521163095854	407.64085607122	0.0000000000000
3.5079998970032	0.054224003489318	-4.4262946030862	407.58145145430	0.0000000000000
3.5109999179840	0.054319473280729	-5.4973465667695	407.52222020044	0.0000000000000
3.5139999389648	0.054411109850680	-6.5648744281863	407.46316630159	0.0000000000000
3.5169999599457	0.054499410032188	-7.6285251611444	407.40428902485	0.0000000000000
3.5199999809265	0.054584877032295	-8.6879927273378	407.34558764120	0.0000000000000
3.5230000019073	0.054668073290947	-9.7430240278326	407.28706142563	0.0000000000000
3.5260000228882	0.054749566727260	-10.793413251733	407.22870965787	0.0000000000000
3.5290000438690	0.054829955033458	-11.839013633914	407.17053161936	0.0000000000000
3.5320000648499	0.054909850720579	-12.879736454447	407.11252659645	0.0000000000000
3.5350000858307	0.054989868572546	-13.915546090727	407.05469387928	0.0000000000000
3.5380001068115	0.055070646938632	-14.946470479537	406.99703276174	0.0000000000000
3.5409998893738	0.055152816298226	-15.972597249543	406.93954710308	0.0000000000000
3.5439999103546	0.055237000352358	-16.994079518534	406.88222706669	0.0000000000000
3.5469999313354	0.055323833090919	-18.011116313907	406.82507653394	0.0000000000000
3.5499999523163	0.055413918838040	-19.023979717903	406.76809481349	0.0000000000000
3.5529999732971	0.055507842794092	-20.033001720516	406.71128121765	0.0000000000000
3.5559999942780	0.055606171741830	-21.038559496562	406.65463506231	0.0000000000000
3.5590000152588	0.055709452204103	-22.041089246762	406.59815566781	0.0000000000000
3.5620000362396	0.055818186718238	-23.041083287143	406.54184235666	0.0000000000000
3.5650000572205	0.055932841130593	-24.039077605628	406.48569445514	0.0000000000000
3.5680000782013	0.056053830989333	-25.035650313702	406.42971129337	0.0000000000000
3.5710000991821	0.056181543529761	-26.031418581778	406.37389220493	0.0000000000000
3.5739998817444	0.056316297554865	-27.027035561743	406.31824094349	0.0000000000000
3.5769999027252	0.056458370297666	-28.023183174068	406.26274800239	0.0000000000000
3.5799999237061	0.056607966531214	-29.020559668752	406.20741715625	0.0000000000000
3.5829999446869	0.056765240995686	-30.019891008121	406.15224775244	0.0000000000000
3.5859999656677	0.056930292997435	-31.021891580131	406.09723914170	0.0000000000000
3.5889999866486	0.057103139905965	-32.027311964860	406.04239067813	0.0000000000000
3.5920000076294	0.057283745489737	-33.036867256887	405.98770171959	0.0000000000000
3.5950000286102	0.057472014274142	-34.051271428411	405.93317162715	0.0000000000000
3.5980000495911	0.057667773288491	-35.071248927509	405.87879976414	0.0000000000000
3.6010000705719	0.057870794511264	-36.097457967738	405.82458549793	0.0000000000000
3.6040000915527	0.058080788482464	-37.130557627711	405.77052819912	0.0000000000000
3.6070001125336	0.058297381846544	-38.171180176503	405.71662724152	0.0000000000000
3.6099998950958	0.058520173506761	-39.219895457801	405.66288626657	0.0000000000000
3.6129999160767	0.058748690860331	-40.277234865769	405.60929611240	0.0000000000000
3.6159999370575	0.058982406899510	-41.343712886388	405.55586044024	0.0000000000000
3.6189999580383	0.059220761438509	-42.419741951347	405.50257863667	0.0000000000000
3.6219999790192	0.059463122097037	-43.505731496070	405.44945009139	0.0000000000000
3.6250000000000	0.059708834043924	-44.602004573774	405.39647419724	0.0000000000000
3.6280000209808	0.059957200157886	-45.708840542002	405.34365035119	0.0000000000000
3.6310000419617	0.060207482003721	-46.826455422398	405.29097795119	0.0000000000000
3.6340000629425	0.060458938104784	-47.954998172551	405.23845639928	0.0000000000000
3.6370000839233	0.060710783940366	-49.094572700407	405.18608510056	0.0000000000000
3.6400001049042	0.060962234245557	-50.245216788916	405.13386346316	0.0000000000000
3.6429998874664	0.061212470817316	-51.406903879155	405.08179503027	0.0000000000000
3.6459999084473	0.061460697151214	-52.579544621511	405.02987093900	0.0000000000000
3.6489999294281	0.061706074423707	-53.763025752590	404.97809475136	0.0000000000000
3.6519999504089	0.061947810411889	-54.957161439853	404.92646588735	0.0000000000000
3.6549999713898	0.062185089004136	-56.161677681782	404.87498376992	0.0000000000000
3.6579999923706	0.062417134730171	-57.376305436678	404.82364782488	0.0000000000000
3.6610000133514	0.062643162827812	-58.600712634012	404.77245748163	0.0000000000000
3.6640000343323	0.062862440352153	-59.834463785343	404.72141217147	0.0000000000000
3.6670000553131	0.063074227603502	-61.077172620750	404.67051132848	0.0000000000000
3.6700000762939	0.063277845338240	-62.328354133945	404.61975438997	0.0000000000000
3.6730000972748	0.063472631335794	-63.587539507645	404.56914079603	0.0000000000000
3.6760001182556	0.063657988346909	-64.854131441353	404.51866998958	0.0000000000000
3.6789999008179	0.063833322808507	-66.127550161885	404.46834540947	0.0000000000000
3.6819999217987	0.063998108749114	-67.407281906382	404.41815850563	0.0000000000000
3.6849999427795	0.064151872282126	-68.692586620380	404.36811273471	0.0000000000000
3.6879999637604	0.064294192577920	-69.982890322782	404.31820755065	0.0000000000000
3.6909999847412	0.064424680877003	-71.277485222221	404.26844241011	0.0000000000000
3.6940000057220	0.064543043458195	-72.575713360535	404.21881677272	0.0000000000000
3.6970000267029	0.064648994803410	-73.876864606622	404.16933010097	0.0000000000000
3.7000000476837	0.064742365697944	-75.180172799556	404.11998185886	0.0000000000000
3.7030000686646	0.064823003130487	-76.485012944938	404.07077151376	0.0000000000000
3.7060000896454	0.064890844192633	-77.790590832463	404.02169853567	0.0000000000000
3.7090001106262	0.064945877957106	-79.096166694900	403.97276239720	0.0000000000000
3.7119998931885	0.064988162708714	-80.401060023684	403.92396644586	0.0000000000000
3.7149999141693	0.065017834538517	-81.704533683477	403.87530240319	0.0000000000000
3.7179999351501	0.065035060297604	-83.005849027880	403.82677363360	0.0000000000000
3.7209999561310	0.065040117391893	-84.304349891332	403.77837962004	0.0000000000000
3.7239999771118	0.065033308602805	-85.599271895493	403.73011984797	0.0000000000000
3.7269999980927	0.065015031938385	-86.889986161311	403.68199380541	0.0000000000000
3.7300000190735	0.064985717397987	-88.175810340120	403.63400098370	0.0000000000000
3.7330000400543	0.064945888914160	-89.456170270134	403.58614087508	0.0000000000000
3.7360000610352	0.064896111930717	-90.730383067192	403.53841297496	0.0000000000000
3.7390000820160	0.064836988017038	-91.997929804217	403.49081678129	0.0000000000000
3.7420001029968	0.064769228302270	-93.258263675224	403.44335179446	0.0000000000000
3.7449998855591	0.064693536857405	-94.510893403190	403.39602127369	0.0000000000000
3.7479999065399	0.064610707236427	-95.755326779358	403.34881720024	0.0000000000000
3.7509999275208	0.064521547394167	-96.991235100515	403.30174284944	0.0000000000000
3.7539999485016	0.064426925799688	-98.218156368168	403.25479773133	0.0000000000000
3.7569999694824	0.064327739512696	-99.435895592790	403.20798135834	0.0000000000000
3.7599999904633	0.064224905833454	-100.64415734407	403.16129324528	0.0000000000000
3.7630000114441	0.064119393927487	-101.84279981067	403.11473290976	0.0000000000000
3.7660000324249	0.064012144804585	-103.03166510909	403.06829987119	0.0000000000000
3.7690000534058	0.063904164242339	-104.21072006968	403.02199365095	0.0000000000000
3.7720000743866	0.063796424257456	-105.38001890209	402.97581377315	0.0000000000000
3.7750000953674	0.063689924854727	-106.53964898155	402.92975976419	0.0000000000000
3.7780001163483	0.063585628757111	-107.68978706683	402.88383115276	0.0000000000000
3.7809998989105	0.063484524230965	-108.83068716027	402.83803110422	0.0000000000000
3.7839999198914	0.063387535540405	-109.96269333567	402.79235187219	0.0000000000000
3.7869999408722	0.063295578803643	-111.08620699041	402.74679663731	0.0000000000000
3.7899999618530	0.063209533135751	-112.20173966692	402.70136493726	0.0000000000000
3.7929999828339	0.063130234476969	-113.30981579172	402.65605631191	0.0000000000000
3.7960000038147	0.063058452392328	-114.41111348121	402.61087030350	0.0000000000000
3.7990000247955	0.062994918928417	-115.50629670403	402.56580645685	0.0000000000000
3.8020000457764	0.062940287478634	-116.59617318229	402.52086431768	0.0000000000000
3.8050000667572	0.062895136990688	-117.68154363660	402.47604343462	0.0000000000000
3.8080000877380	0.062859984302342	-118.76330782901	402.43134335842	0.0000000000000
3.8110001087189	0.062835256752325	-119.84239697548	402.38676364196	0.0000000000000
3.8139998912811	0.062821280066378	-120.91976528729	402.34230736844	0.0000000000000
3.8169999122620	0.062818330026623	-121.99644571652	402.29796702834	0.0000000000000
3.8199999332428	0.062826534534238	-123.07343143726	402.25374571941	0.0000000000000
3.8229999542236	0.062845958240105	-124.15177838682	402.20964300296	0.0000000000000
3.8259999752045	0.062876564571401	-125.23251306722	402.16565844239	0.0000000000000
3.8289999961853	0.062918221980857	-126.31670557641	402.12179160314	0.0000000000000
3.8320000171661	0.062970705437600	-127.40538038902	402.07804205341	0.0000000000000
3.8350000381470	0.063033659555953	-128.49949505530	402.03440936219	0.0000000000000
3.8380000591278	0.063106673961844	-129.60008672969	401.99089310093	0.0000000000000
3.8410000801086	0.063189234386599	-130.70802154993	401.94749284321	0.0000000000000
3.8440001010895	0.063280735923140	-131.82423712950	401.90420816461	0.0000000000000
3.8469998836517	0.063380491846470	-132.94953186082	401.86104206885	0.0000000000000
3.8499999046326	0.063487742692049	-134.08470158191	401.81798727335	0.0000000000000
3.8529999256134	0.063601649747298	-135.23042690867	401.77504679572	0.0000000000000
3.8559999465942	0.063721296384199	-136.38734983346	401.73222021943	0.0000000000000
3.8589999675751	0.063845746308078	-137.55599345494	401.68950712995	0.0000000000000
3.8619999885559	0.063973968637170	-138.73686103955	401.64690711463	0.0000000000000
3.8650000095367	0.064104917083717	-139.93036073552	401.60441976315	0.0000000000000
3.8680000305176	0.064237489541487	-141.13677329030	401.56204466679	0.0000000000000
3.8710000514984	0.064370575086119	-142.35633431389	401.51978141822	0.0000000000000
3.8740000724792	0.064503010693734	-143.58921883064	401.47762961248	0.0000000000000
3.8770000934601	0.064633665599864	-144.83544670269	401.43558884645	0.0000000000000
3.8800001144409	0.064761336700464	-146.09502537181	401.39365871888	0.0000000000000
3.8829998970032	0.064884899246556	-147.36786326046	401.35184214898	0.0000000000000
3.8859999179840	0.065003184150928	-148.65376948890	401.31013209260	0.0000000000000
3.8889999389648	0.065115047100903	-149.95248891354	401.26853148213	0.0000000000000
3.8919999599457	0.065219387685705	-151.26370499527	401.22703992371	0.0000000000000
3.8949999809265	0.065315124819946	-152.58705614034	401.18565702530	0.0000000000000
3.8980000019073	0.065401195113539	-153.92204256155	401.14438239673	0.0000000000000
3.9010000228882	0.065476610321202	-155.26818914790	401.10321565017	0.0000000000000
3.9040000438690	0.065540417979198	-156.62491206067	401.06215639829	0.0000000000000
3.9070000648499	0.065591711533633	-157.99155056496	401.02120425621	0.0000000000000
3.9100000858307	0.065629663139447	-159.36746548803	400.98035884083	0.0000000000000
3.9130001068115	0.065653472079630	-160.75189060900	400.93961977078	0.0000000000000
3.9159998893738	0.065662441929942	-162.14408766164	400.89898989118	0.0000000000000
3.9189999103546	0.065655944813916	-163.54322264345	400.85846236564	0.0000000000000
3.9219999313354	0.065633414073273	-164.94845437297	400.81804005186	0.0000000000000
3.9249999523163	0.065594367223384	-166.35891556440	400.77772257544	0.0000000000000
3.9279999732971	0.065538421010781	-167.77365232660	400.73750956365	0.0000000000000
3.9309999942780	0.065465248791873	-169.19174977148	400.69740064548	0.0000000000000
3.9340000152588	0.065374638395949	-170.61225260871	400.65739545214	0.0000000000000
3.9370000362396	0.065266464393210	-172.03416106813	400.61749361565	0.0000000000000
3.9400000572205	0.065140664630324	-173.45646527358	400.57769476982	0.0000000000000
3.9430000782013	0.064997315632015	-174.87816929164	400.53799855036	0.0000000000000
3.9460000991821	0.064836553648650	-176.29824715031	400.49840459460	0.0000000000000
3.9489998817444	0.064658615223568	-177.71566155400	400.45891567598	0.0000000000000
3.9519999027252	0.064463860023083	-179.12938811591	400.41952515744	0.0000000000000
3.9549999237061	0.064252709796708	179.46161213509	400.38023582446	0.0000000000000
3.9579999446869	0.064025691287293	178.05836360744	400.34104732090	0.0000000000000
3.9609999656677	0.063783424174956	176.66187644345	400.30195929223	0.0000000000000
3.9639999866486	0.063526634158009	175.27313476562	400.26297138550	0.0000000000000
3.9670000076294	0.063256120174876	173.89312267928	400.22408324962	0.0000000000000
3.9700000286102	0.062972777074255	172.52278237956	400.18529453498	0.0000000000000
3.9730000495911	0.062677571722045	171.16302696853	400.14660489296	0.0000000000000
3.9760000705719	0.062371581666602	169.81473453825	400.10801397691	0.0000000000000
3.9790000915527	0.062055931835027	168.47868128067	400.06952144175	0.0000000000000
3.9820001125336	0.061731840445975	167.15570112149	400.03112694394	0.0000000000000
3.9849998950958	0.061400581010416	165.84643642583	399.99283318067	0.0000000000000
3.9879999160767	0.061063495222017	164.55155462067	399.95463372466	0.0000000000000
3.9909999370575	0.060721969764061	163.27159211774	399.91653128461	0.0000000000000
3.9939999580383	0.060377461778904	162.00701006114	399.87852552306	0.0000000000000
3.9969999790192	0.060031420404821	160.75813549794	399.84061610408	0.0000000000000
4.0000000000000	0.059685376323296	159.52525927613	399.80280269323	0.0000000000000
